123.409416 199142.01684578104
124.592916 197250.3797888477
124.60275000000004 197234.8122332773
123.71549999999998 198649.32041660103
123.83241700000002 198461.76466054117
124.50687500000002 197386.6904939988
125.002791 196603.61023459068
123.77129100000018 198559.77748507095
125.07154100000007 196495.54010052525
126.23233300000014 194688.63021013778
124.74066600000012 197016.74512464102
125.24287500000008 196226.73146077158
125.30354200000016 196131.72626836016
122.81600000000026 200104.22094841022
124.76208300000025 196982.9246919511
124.22079099999993 197841.2776328241
124.75958299999989 196986.87194233426
125.44087499999978 195917.00073839602
123.245292 199407.2114332773
124.08320900000014 198060.6417101928
124.96683299999978 196660.18102579302
125.47883299999984 195857.73482608044
123.30412499999977 199312.06681041728
123.96287500000014 198252.9043473699
124.63858299999941 197178.10816254318
123.67445899999919 198715.24160053258
125.92366700000035 195165.85392958682
125.8189999999999 195328.20957089166
122.60254200000008 200452.61378022638
125.36841599999971 196030.2346007152
126.29250000000081 194595.87861511842
123.37737500000046 199193.73385922587
123.43387499999992 199102.55592316142
124.91720800000027 196738.30686321412
123.31354099999992 199296.84769979978
124.73791700000004 197021.08702039646
121.26604100000016 202661.84825807885
121.2891669999996 202623.207066795
123.91420800000041 198330.7676872689
125.33837500000011 196077.21896825277
123.73299999999965 198621.2247339034
124.07991599999946 198065.89811037676
124.9077500000002 196753.20386445164
124.25491600000083 197786.94309366267
125.56604099999902 195721.70790986548
123.40258399999904 199153.0420465117
124.46062499999933 197460.0400729157
122.30500000000077 200940.27227014303
125.62191700000014 195634.65187368516
121.12804200000049 202892.7372573223
124.21179100000046 197855.61259639118
125.05404100000028 196523.03758820513
125.38904200000012 195997.9884047601
123.50129200000026 198993.86963498284
124.98570800000053 196630.4819427826
124.55070899999932 197317.22281886116
123.72904099999893 198627.58008445415
125.12487500000091 196411.78462715604
124.07912499999973 198067.1607734182
124.7205410000003 197048.5358943395
125.1288749999997 196405.50592339347
123.47920799999912 199029.4592754448
124.46079200000071 197459.77512339677
124.94779100000031 196690.15196915276
124.13000000000096 197985.9824377653
124.26820900000024 197765.7857771166
124.55733300000027 197306.72942395086
124.05358400000033 198107.94019461732
125.36566699999874 196034.53312301403
122.52691700000007 200576.33540228542
124.34037499999917 197651.00434995603
124.08533300000002 198057.25145614104
125.49666599999831 195829.90356094664
124.68316600000051 197107.60312262122
123.07375000000143 199685.14813272297
125.67862500000082 195546.37870998224
124.13775000000093 197973.622044864
124.79416599999915 196932.2828761095
123.87641599999988 198391.27409046146
125.17324999999957 196335.87847243788
124.76070900000025 196985.09408118186
124.78574999999914 196945.56469789354
125.97974999999906 195078.97102510667
124.33691699999905 197656.50132695655
121.69274999999935 201951.22552493992
125.11733300000039 196423.62421519906
123.67620799999912 198712.43141607457
125.98887500000089 195064.8420346624
124.24624999999878 197800.73845287276
124.22254199999827 197838.48892739887
125.1092079999978 196436.3806059777
125.28512499999778 196160.55776773527
125.1035829999978 196445.21292408093
125.14766700000024 196376.01394518965
122.6951249999999 200301.35671649562
124.48987500000186 197413.64508559136
123.53891700000119 198933.26408227914
124.6110420000015 197221.68762540084
122.58295799999885 200484.6383295811
124.05266699999729 198109.4046128048
123.9395839999986 198290.16047044564
123.37429200000116 199198.71151114503
124.24379100000138 197804.65327236938
125.24666699999898 196220.79045025766
123.4306659999973 199107.7322713347
124.25712499999975 197783.42690610338
125.19079199999794 196308.36747163004
125.24316700000071 196226.2739651087
124.97833300000138 196642.0851524698
125.08625000000251 196472.4340205219
125.07866700000037 196484.34532804805
124.54333300000187 197328.90880638012
124.80704200000048 196911.9659129483
121.64983299999932 202022.47215579933
124.59474999999998 197247.47631822372
125.66316700000257 195570.43314051998
124.51879199999993 197367.79971331568
123.5367079999996 198936.8212725895
124.62441699999971 197200.5213071533
124.22912499999939 197828.00530874
124.06637499999817 198087.5156544258
125.63683399999803 195611.42395549687
124.75549999999913 196993.31893183204
124.18699999999916 197895.10979410217
124.81941600000113 196892.4450023046
124.31637499999937 197689.16202712737
124.10504200000005 198025.79817828827
120.92750000000052 203229.20758305507
122.73900000000282 200229.75582332784
125.01916600000129 196577.85911001635
124.56645799999677 197292.27590304156
123.93666599999875 198294.82907019823
121.20175000000089 202769.34945246106
124.53487500000193 197342.310738254
124.72287500000334 197044.84842896173
122.40112499999967 200782.4682983924
124.06504199999802 198089.6439788445
123.86879100000314 198403.4864762616
125.77020800000227 195403.98629220328
123.95354199999886 198267.83166874107
124.52029099999962 197365.42376053456
125.1757910000002 196331.89296163473
123.88754099999844 198373.45871608114
126.51433399999945 194254.66840777194
125.5775409999984 195703.7843255771
122.12024999999826 201244.26538596465
124.1690420000019 197923.7304577064
125.16199999999955 196353.52583052433
123.64008399999804 198770.48935036626
125.1733750000028 196335.68240849502
124.70049999999944 197080.20416919026
124.03870900000058 198131.69774283835
124.82387500000058 196885.41154486578
122.17158400000017 201159.7066630483
123.38937500000213 199174.36164985498
123.61429199999918 198811.96261675117
123.09770799999953 199646.28423463492
123.41170799999901 199138.31838386192
121.29037500000095 202621.18902674518
124.5843750000013 197263.90247572976
124.35233300000093 197631.9977848732
124.72083299999781 197048.07455864595
123.70566700000296 198665.1104674082
122.07708300000064 201315.42625408137
125.50479200000098 195817.22425387398
125.07670799999815 196487.42274221324
124.87637499999948 196802.63780879372
122.26562500000071 201004.98402555793
123.11008300000026 199626.21583156555
124.70387499999802 197074.8703679047
122.28616699999861 200971.21860071286
125.74441699999994 195444.06492417085
124.42949999999797 197509.4330524546
124.6417500000021 197173.09809914883
124.64620799999793 197166.04615842312
124.34216599999814 197648.15742392943
125.14341600000023 196382.68464718875
124.80658299999448 196912.69009424836
120.76883299999963 203496.2116426187
123.6027919999998 198830.46007569184
124.76304200000499 196981.4105686764
124.99866699999984 196610.09665007092
123.2129999999998 199459.4726205842
124.88116699999807 196795.0860036436
122.22220800000372 201076.3870343371
124.70208399999905 197077.70080249972
126.07370900000348 194933.58444780365
124.39579100000486 197562.95452150016
124.30058300000013 197714.2778163798
122.81504199999915 200105.78183086214
123.86975000000433 198401.95043583395
124.90299999999621 196760.686292569
125.8632079999984 195259.60279035883
174.30116700000298 140997.33480269572
123.57583300000385 198873.83644016573
124.92170899999877 196731.21827047886
124.65879100000166 197146.14431002844
125.70341700000398 195507.81185207734
125.22237499999989 196258.85549607268
126.2831250000005 194610.32501373327
124.66599999999772 197134.74403606798
124.33879199999609 197653.52071299497
122.56379200000111 200515.9892572496
122.97670800000304 199842.72143631778
122.90391699999503 199961.0801663953
124.33012500000018 197667.2990556389
125.66174999999902 195572.63845203645
125.7392500000023 195452.09630246364
122.76770800000492 200182.9340985906
124.23650000000208 197816.2617266229
123.91345799999698 198331.96810632627
123.73099999999937 198624.43526682985
123.26045800000429 199382.67631618847
125.53712500000103 195766.7901029261
124.51391700000158 197375.5271067385
123.5949579999982 198843.06283756622
124.50970800000505 197382.1993060895
125.17433300000391 196334.17978747474
125.61412500000557 195646.78733382022
122.89066700000006 199982.63985335833
124.57633300000026 197276.63680708877
124.4683749999993 197447.7452605944
127.46583300000225 192804.60827490586
124.18016699999868 197905.99895070412
123.93050000000017 198304.69497016448
125.34970800000167 196059.49141899616
120.62870800000525 203732.59738468667
126.45404199999888 194347.2870562747
123.70191600000169 198671.13456835758
126.72524999999979 193931.35937786702
123.0065410000023 199794.25321779872
123.94754099999972 198277.43093346286
124.95875000000467 196672.9020576717
123.04858299999921 199725.9895304943
121.61479200000258 202080.68110661636
124.24550000000067 197801.93246435377
122.77829199999957 200165.6774961496
123.82458399999763 198474.3191222873
122.35083299999872 200864.99942342247
124.93166600000194 196715.53887706596
123.72320900000489 198636.94288756308
124.93679199999974 196707.46788504103
124.62291599999986 197202.8964560581
124.08483400000136 198058.04793194734
183.55525000000483 133888.8427326342
124.58716700000139 197259.48178916154
123.68158299999976 198703.79569769936
126.03849999999994 194988.03936892308
123.70754199999823 198662.09935688766
121.64945800000027 202023.09491588484
125.5420419999993 195759.1226690429
124.4557089999958 197467.83974370215
122.75120799999684 200209.8423341026
124.05249999999768 198109.6713085223
123.890166999999 198369.25395378793
124.60133299999399 197237.05524082304
125.76862499999919 195406.44576499233
123.87470899999897 198394.0079326459
120.63037499999751 203729.7819889933
124.12050000000363 198001.13599283987
121.50633299999924 202261.06239252692
124.04370800000208 198123.71297381393
124.71066599999858 197064.13884438947
124.22649999999891 197832.18556427344
124.38300000000169 197583.2710257806
124.37358300000056 197598.23112919315
125.70408299999514 195506.7760209583
124.70166700000362 197078.35982657142
124.74487500000464 197010.0976092131
125.11187500000176 196432.1931870948
125.16825000000154 196343.72135105907
123.91091699999635 198336.03523409262
125.28950000000094 196153.70801224216
124.01941699999952 198162.51837403892
123.98616600000167 198215.66222153904
124.64033399999863 197175.33812128802
124.12766599999969 197989.7052120521
125.42462500000084 195942.38372249337
124.97687500000154 196644.37921015144
125.02629100000462 196566.65652825846
122.85091700000095 200047.34681793064
125.50616700000461 195815.0789514518
124.28225000000026 197743.4428488376
124.44299999999942 197488.0065572199
125.3802499999992 196011.7323103133
123.77445799999975 198554.69696340783
125.65074999999837 195589.75971094737
124.31341599999968 197693.86757097935
122.66183300000222 200355.72108236435
122.71854100000468 200263.13709188462
125.74925000000547 195436.55329951414
124.30024999999745 197714.80749234618
122.78316700000147 200157.73009014913
124.61704200000412 197212.19189265612
125.48074999999415 195854.7426597398
124.82674999999688 196880.87689538192
124.8876249999995 196784.90963376153
124.40158300000093 197553.75620903328
124.20383399999935 197868.28802724503
124.24824999999373 197797.5544927292
124.17204100000134 197918.95020876508
123.81349999999713 198492.0868887526
125.31404100000287 196115.2940555116
123.60195799999474 198831.80167745438
127.77329200000054 192340.66537160127
124.35199999999469 197632.52702008048
124.3246659999997 197675.97847397442
125.36845799999696 196030.16892814136
120.93929200000275 203209.3920311642
123.06958300000304 199691.9092510405
124.45741699999502 197465.12978009967
123.55999999999767 198899.32016834302
125.00370800000127 196602.16799328665
124.75537499999945 196993.51631142234
124.10845800000203 198020.3476543041
122.11195900000149 201257.92920904414
124.05708299999674 198102.35260811867
124.89195799999919 196778.0823806138
125.7944170000016 195366.38100560286
123.52729100000204 198951.98705522972
123.29316699999993 199329.7811873063
124.28712500000216 197735.68662079496
125.55100000000152 195745.15535519194
125.17379199999823 196335.0283420378
124.10341599999697 198028.3927075835
123.92741700000443 198309.62828829978
121.42949999999786 202389.04055439934
124.42604199999607 197514.92215753978
124.30100000000266 197713.61453246133
124.10704199999856 198022.60696858994
123.64320900000081 198765.46555824057
124.90620799999874 196755.6328345205
124.44362499999784 197487.014702444
124.15704100000369 197942.86173427143
125.27316700000313 196179.2823518175
124.42408399999749 197518.03035174843
122.24854200000124 201033.07244351227
123.33879200000553 199256.04589997037
124.86729200000468 196816.95347408575
123.87687500000055 198390.53899284988
123.78262499999693 198541.59660938368
124.20662499999935 197863.84180393058
123.38091699999865 199188.0154367816
124.93408399999595 196711.73160400966
124.91720799999939 196738.30686321552
125.63875000000024 195608.4408671684
123.21591700001022 199454.75063905877
123.46875000000068 199046.31738800195
123.75595800000383 198584.37845876673
124.9786669999935 196641.5596351438
125.40975000000287 195965.62468228696
123.15912500000081 199546.72461337995
124.2997499999916 197715.60280693774
124.74591599999485 197008.45356733774
124.60433299999352 197232.30652020164
124.80804199999795 196910.38819437937
125.56179199999917 195728.3311152501
124.6957080000044 197087.77787282888
125.78170900000885 195386.11929655267
124.65041600000859 197159.3901459447
124.18937500000027 197891.32524420827
123.74216700000318 198606.51058421636
121.88845900000445 201626.9645348384
124.58225000000311 197267.26720700087
124.43000000000382 197508.63939563808
124.84179099999437 196857.15659110583
122.13674999999569 201217.07839778665
123.90008399999886 198353.37641902023
124.66466600000103 197136.85351709678
124.43125000000066 197506.6552815299
124.25641600000858 197784.55544700648
124.40075000000661 197555.07904895023
124.61125000000095 197221.3584246993
125.75554200000738 195426.77490904185
125.38216699999793 196008.7354368377
121.64899999999079 202023.85551876185
124.59570800000108 197245.95970833753
124.48274999999853 197424.94442001233
122.99633300000323 199810.83501082388
123.62474999999051 198795.14417624212
125.86058300000502 195263.67520480196
123.06454100000508 199700.09070280436
123.51504200000818 198971.71714517468
124.8811250000017 196795.15218972976
123.49662500000136 199001.3897140892
124.91975000000366 196734.30342279168
125.98354200000017 195073.09931006675
124.67545799999868 197119.7892050275
124.54225000000463 197330.6247478192
124.7045000000071 197073.8826585937
123.99924999999712 198194.74714565265
125.40274999999212 195976.56351237546
124.59287500000471 197250.44469837518
124.3079999999992 197702.48093445442
124.18395800000326 197899.95741639475
125.52150000000495 195791.15928346166
124.45154199998854 197474.45154196856
122.98470799998995 199829.72191959026
124.30516599999919 197706.9883000692
125.34229100000971 196071.09303593388
124.78783299999918 196942.27721704377
125.57516699999383 195707.4841079145
125.5193749999961 195794.4739606994
124.76275000000214 196981.87159227877
125.16387499999837 196350.5843838753
124.66970799999899 197128.8807382159
124.46325000000513 197455.87552951564
125.66370900000834 195569.58962589884
124.32433300000412 197676.5079447415
122.51579100001209 200594.55029758226
123.08291600000132 199670.277555008
125.00033399999211 196607.47466484012
198.6737089999906 123700.31305954611
124.8685839999979 196814.91703309788
123.959916000004 198257.63676702723
125.37208300000202 196024.5009249755
124.88695899999414 196785.9590527875
124.03354199999228 198139.9515302202
124.44783300000495 197480.33700192292
127.48650000000339 192773.35247260964
123.00033300000734 199804.33711507538
123.42337500000156 199119.49418009102
123.98029199999883 198225.05338187324
125.15370899998857 196366.53357194748
125.05979199998762 196514.00027918193
124.17079200000103 197920.94102129748
125.63991600001145 195606.6255249467
126.60633400000165 194113.51094013732
124.14683299999751 197959.1376285893
124.86883399999726 196814.52298978413
124.3325000000084 197663.5232139492
123.98958299999663 198210.19964234147
123.51916599999413 198965.07397079712
123.87775000000545 198389.13767806502
124.42737499999623 197512.80616504804
123.44149999999843 199090.25732837265
124.61712500000033 197212.0605414379
122.9458749999992 199892.83902367737
124.17612499999109 197912.44089797264
124.12820899999133 197988.8391042661
124.36095900000055 197618.28951479774
124.87220799999932 196809.20513554252
126.1226249999936 194857.98047734296
121.86387500000251 201667.63940502872
125.38775000000157 196000.00797525828
124.1997500000025 197874.79443396226
124.39729099999397 197560.5722796744
125.32558300000574 196097.23259774403
123.58558299999345 198858.14674678762
122.68295799999862 200321.22146908357
125.3524999999911 196055.12454878638
122.7333749999957 200238.9325641934
125.24820800000214 196218.37623417
124.91441599999575 196742.70422079094
124.99270899999715 196619.46842035852
124.07845799999961 198068.22550937952
124.60474999998894 197231.6464661434
124.04837500000099 198116.25908037735
121.84958299999948 201691.29343676215
125.93187500000624 195153.1333905636
123.1692080000073 199530.3891212692
122.65100000000473 200373.4172570876
125.3627090000009 196039.1586624043
124.13237500000207 197982.1944114063
125.57820800000741 195702.74485839574
121.76237500000298 201835.7477012041
125.4143750000054 195958.39791091683
123.68041599999913 198705.67058894897
124.81808299999386 196894.54772351542
124.18954200001053 197891.05913602543
124.5275419999956 197353.93155034626
124.27675000000704 197752.19419560462
123.33537499999636 199261.56627813168
121.98233400000902 201471.79672753418
125.26333300000658 196194.68372279947
125.05416700000183 196522.8395787854
124.29629200001102 197721.10337770832
120.09033400001101 204645.94594264135
123.89595799999142 198359.9820100806
123.93941599999891 198290.42925295222
124.51916699998833 197367.205323517
123.65554199999451 198745.6413397233
124.65383400000007 197153.98404833648
124.76208399999678 196982.92311308807
124.7196669999937 197049.9167545183
123.51525000001118 198971.38207628432
124.66408299999898 197137.77544090388
124.21908299999984 197843.99793065636
124.03350000001012 198140.0186239846
124.3930839999905 197567.2538193673
123.8186249999984 198483.871065442
123.80174999999838 198510.92573408957
125.43716700000118 195922.7921657364
125.3012500000068 196135.31389350598
124.2044999999905 197867.2270328521
124.69795900000236 197084.22011942902
121.06070800000168 203005.58625511805
123.00441600000056 199797.70482386491
125.9990829999964 195049.0385711831
123.87920799999108 198386.80273126843
125.24795800000277 196218.76789399996
124.05766599999879 198101.42164048323
124.55554100000654 197309.56810663853
125.5626250000006 195727.03262614878
125.36137499999711 196041.2447613993
124.04450000001077 198122.4479924371
124.76495800000009 196978.38554957058
124.61979199999007 197207.83998742318
124.85041599998681 196843.5571732704
121.46462500000155 202330.51392534812
125.18620800000235 196315.55578390503
122.7231660000001 200255.5898859387
124.90529100000458 196757.07732828628
124.14020899998945 197969.70053435376
124.29295800001228 197726.40699401146
124.63316600000951 197186.67822334004
125.39683299999638 195985.8109016255
124.35045899999864 197634.9761604038
125.66870900000993 195561.80846894876
125.53120799999817 195776.01770549646
124.26104100001112 197777.19389939605
124.85470800000087 196836.79048770695
124.83025000000225 196875.35673444183
124.46825000000672 197447.943551859
124.61283300000048 197218.85305344037
126.02566699999329 195007.8947013334
123.90708299999176 198342.17225500848
124.50504200000978 197389.59647913752
124.60662499999842 197228.67865171947
124.930667000001 196717.11190015342
125.1685000000009 196343.32919224742
120.03058300000191 204747.81831226803
124.65025000000196 197159.65270827466
123.64108399999907 198768.881709256
124.76737500000468 196974.56967415623
125.20650000000444 196283.739262731
124.67866699999774 197114.71570353286
124.58233399999585 197267.13419898538
123.73112499999195 198624.23460549317
125.44987500000104 195902.94529986416
122.80024999999739 200129.88572906426
123.51383300000407 198973.6647554221
124.82124999999655 196889.55205945045
122.66399999998612 200352.18156918723
123.86524999999438 198409.15833941413
123.96937500000149 198242.50949074887
125.18491699999856 196317.58033597836
123.22562500000345 199439.03713208443
123.54274999999859 198927.09203899282
124.25762499999848 197782.63104578332
123.82704200000205 198470.3793538054
124.53387499999735 197343.89538589818
124.9357500000059 196709.10848175033
125.16487500001006 196349.01564834404
124.74087500000053 197016.41502835293
126.19104200000208 194752.33432179436
123.7775839999955 198549.682469169
122.75750000000585 200199.5804736886
123.03216700000519 199752.6386737459
125.99429200000145 195056.4554146605
123.41587499999207 199131.5946996412
124.8894579999984 196782.02142570203
125.44133399998714 195916.2838622437
123.3321659999973 199266.75089773853
122.92704100001117 199923.46517148954
124.23724999999308 197815.06754215318
124.3444170000032 197644.57941042393
124.45950000000039 197461.82493100103
124.64683400000354 197165.05595320056
123.85170799998946 198430.85248369843
123.90804200001071 198340.6371637918
124.9269580000032 196722.95230305192
123.7393340000068 198611.05766092654
123.53179100000489 198944.73965814215
125.19229200000836 196306.01538949664
123.70941599999696 198659.08994348985
124.6472919999917 197164.3314962802
124.8447079999977 196852.5570182795
123.24599999999464 199406.06591695527
124.29812499999571 197718.18762351281
125.22808300001032 196249.90985446912
123.09366699999202 199652.83835440205
122.89370899999597 199977.68966351895
124.42000000000064 197524.51374377008
122.37320799999907 200828.27280298303
122.51604099999724 200594.1409745729
123.89608299999111 198359.781882707
125.38116700000046 196010.2987396816
123.42708399999935 199113.51061327942
125.38974999999652 195996.88172279377
124.0577089999988 198101.3529759786
124.01441700001214 198170.50786923905
125.08579100000361 196473.15497248838
124.42745799999955 197512.6744130712
124.03895799999987 198131.3000065675
125.25529100000199 196207.2803774781
124.32429200001138 197676.57313502135
123.80995899999903 198497.76381882327
124.43162499999971 197506.06005507085
123.60116599998605 198833.07573330475
124.33141600000397 197665.24656969414
121.55129199999237 202186.25072287626
123.63879199999417 198772.5664611893
123.26637500000004 199373.10560158838
125.93962500000089 195141.12416961562
123.44233400000348 199088.91223653714
125.57037499999524 195714.95267096983
124.76708299999473 196975.0306657489
122.1050829999939 201269.26247616758
125.55625000000248 195736.9704813541
123.27962500000922 199351.67713235793
125.08491600000582 196474.52935091595
123.95312499999989 198268.49867641515
124.49316699999713 197408.42483347352
124.61662499998738 197212.85181654125
124.0711250000004 198079.9319745019
125.13087499999642 196402.36672204765
124.69437500000424 197089.88476825168
124.43820800000083 197495.61163722188
125.25554100000136 196206.88876350576
122.44558300000108 200709.56744923812
123.95987499999706 198257.70234118568
124.98399999999776 196633.16904564135
124.5852089999886 197262.58194905182
122.72479199999964 200252.93666824934
124.64737499999501 197164.2002087969
123.70083399999032 198672.87232681003
124.28574999999853 197737.87421325687
124.65050000000133 197159.25728336218
124.72549999999671 197040.7013802362
122.95141700001011 199883.82891104036
122.57200000000523 200502.56175961028
122.59545800000637 200464.19664257645
124.64291699998853 197171.25201749138
124.98270900000819 196635.200153954
125.3084169999994 196124.09595757737
124.35687499998949 197624.77949049522
125.44791699998825 195906.00296697076
124.29316699999049 197726.0745154388
125.23583399999438 196237.7637058823
123.59233300000483 198847.2861014691
125.1142079999994 196428.53032327167
125.40925000000414 195966.40598679276
124.53708300000699 197338.81192639322
124.82612499999846 196881.86267097777
125.4920839999869 195837.05375394487
124.31983300000127 197683.66323336156
120.71749999999781 203582.7448381589
125.00816700000428 196595.15525892927
123.79562499999963 198520.74740121127
123.82266600000946 198477.39346847954
123.07908299999326 199676.4958023074
125.20849999999939 196280.603952608
124.99766599999873 196611.6711331254
124.86850000000516 196815.04943199435
124.79991600000062 196923.20946754384
124.79158400000756 196936.35750307096
124.96279100000152 196666.54212292444
123.75308299999688 198588.99192031135
125.37550000000408 196019.15844801575
124.90304199999969 196760.62012965273
123.63370799999984 198780.74028160694
124.26899999999819 197764.52695362768
125.04841700000213 196531.87612922426
124.21441700000457 197851.42975794102
124.47099999999978 197443.58123579022
125.0213330000065 196574.45181774473
125.08479199999556 196474.72412154527
125.84087500000862 195294.2555429491
125.34475000001066 196067.24653404238
124.47199999999725 197441.9949868287
122.76054199999464 200194.61953826394
125.43895900000734 195919.99324546818
124.79429200000425 196932.0840411448
125.54512500000214 195754.31543040465
124.39366699999255 197566.32787424358
125.01587500000255 196583.03395468375
124.01262500000598 198173.37146116223
123.98116599999298 198223.65600273022
124.44504100000131 197484.76759310756
124.8048329999989 196915.45118288984
125.47716699999967 195860.33529112165
124.09825000000296 198036.63629422183
124.4039999999984 197549.91800906978
124.51845799999717 197368.3291195315
123.1527500000027 199557.05414616776
124.68779099999949 197100.29188022186
124.17866699999536 197908.38953039268
124.01429199999825 198170.7076148961
125.24200000000008 196228.10239376556
124.98116700000139 196637.6262113133
125.66620799999839 195565.70052627285
122.77558400000999 200170.0924509388
125.56462500000976 195723.9150755883
124.21137499998736 197856.27524051242
123.0341659999965 199749.39318888623
124.54158399998505 197331.6799953576
127.62237499998719 192568.11354593947
126.1147079999887 194870.21291760993
124.17533300001082 197913.70319899087
124.59949999998798 197239.95682167562
123.23200000000156 199428.71981303304
121.70129200001156 201937.0509229899
124.79025000001798 196938.46274045017
125.42995800001222 195934.05269256013
124.92512499997588 196725.83877746566
123.96945899999423 198242.3751643632
125.81629199999611 195332.4137068096
124.89154100001087 196778.7394023576
125.58962500000348 195684.95407163864
124.58991700000865 197255.12779656393
125.16595900001448 196347.3151673544
124.38966700000265 197572.6810169809
125.87824999999953 195236.26996721112
123.7413750000087 198607.78175447194
124.89550000000804 196772.50181150174
126.37795800000617 194464.29099605168
124.46804199998951 197448.2735094529
123.71262499999602 198653.93689609924
124.832916999992 196871.15057963098
124.51429199998643 197374.93267040123
124.4654159999925 197452.4393185773
125.66470900000581 195568.03334497724
122.67220900000098 200338.7743673859
124.0113340000164 198175.43451308046
125.194209 196303.00951060763
125.06629200001385 196503.78696761298
124.82154199997808 196889.09146791598
122.41412500000592 200761.1458236442
123.99550000000659 198200.7411559185
123.45045800000776 199075.8106381303
123.84825000000887 198436.39292439126
124.82733300001314 196879.9573727768
123.9364160000207 198295.22906323106
124.89600000000678 196771.7140660923
124.55695799999944 197307.32344956681
124.0663330000018 198087.58271270612
125.05962500000578 196514.2626966846
124.78325000000723 196949.51045111084
124.4827090000058 197425.00944447517
124.97012500000437 196655.00054512342
123.6694590000127 198723.27572806377
124.69204200002082 197093.5723387696
126.34058300000106 194521.81885214028
125.25812500001621 196202.84113303485
124.60924999999179 197224.52386160434
122.76062500001217 200194.48418413938
123.59408300000041 198844.47057226775
125.66845800000692 195562.19906827094
124.06924999999092 198082.92546301198
125.28100000000109 196167.01654680108
123.38229200000228 199185.79564075163
122.73874999999634 200230.1636606266
125.49258399999985 195836.27348051124
125.15829199998052 196359.34309493314
123.9494160000163 198274.4315632497
122.90358300001003 199961.62357608398
124.89591700000346 196771.84483139924
124.3683750000173 197606.50567313904
125.35733300001084 196047.56588111105
123.1662919999792 199535.11306489728
124.936292000001 196708.25511613392
124.86791699998889 196815.9683483964
123.99204199999758 198206.2687539292
123.9513749999901 198271.29791825192
126.92366600001037 193628.19223956225
124.62483400000224 197199.86146580992
124.89725000000362 196769.7447301625
122.6594579999869 200359.60048023876
124.43375000000856 197502.6871728796
122.70358300000339 200287.54987537177
127.19495900000766 193215.2043855647
124.93225000000052 196714.6193236726
124.02087500001358 198160.188758524
125.45570899999348 195893.83532957657
124.43804199997999 197495.87509584852
126.13308400000278 194841.82278457138
125.08908300000599 196467.98434039863
124.38887499999396 197573.93898772052
124.19049999999743 197889.5326132072
123.8849589999802 198377.59319921903
123.6195830000213 198803.4533330837
125.84416699999679 195289.14677468227
122.73462499999255 200236.89321576117
123.85016700000051 198433.32145042566
123.65833300000872 198741.15560006996
123.88324999997735 198380.32986706833
125.59279199999196 195680.01959858948
124.12608300002148 197992.23020673057
124.23337499998865 197821.23765052864
125.1756670000077 196332.08744953992
123.94100000000208 198287.89504683347
124.769624999999 196971.0175854115
125.00620800000206 196598.23614519683
123.5140420000107 198973.32806902935
123.87341600000923 198396.07878415307
124.47829100000263 197432.01647907813
124.3220830000098 197680.08552429147
123.75195800001393 198590.79724619174
125.43137500000512 195931.83922283398
123.72491600001467 198634.20234609078
123.75508400000967 198585.78092838658
123.65024999999719 198754.1472823594
124.22704099998327 197831.32401908623
126.39216600001646 194442.43087025505
125.24437499999408 196224.38133450036
124.22612499997854 197832.7827580893
125.32358299998236 196100.36205239568
124.9202500000024 196733.5159831935
124.22583299999701 197833.24777544933
124.95062500002518 196685.69084784528
125.20904200002292 196279.75430077568
124.87966699998765 196797.4498202532
123.54208299998959 198928.16604040965
124.89570799999683 196772.17410866212
125.46058299997753 195886.22507839295
124.85591699999077 196834.8844853049
124.12045799999305 198001.20299267166
123.82150000001957 198479.26248669348
124.1409170000054 197968.57147429427
125.08870799999272 196468.57332639035
124.86024999998335 196828.05376413453
122.1500409999976 201195.18420792412
124.73458300001994 197026.35314855762
124.04966700000841 198114.19566324458
123.52437500001656 198956.6836504674
125.85579099999222 195271.10993249028
124.39787499999966 197559.6448090457
121.47600000000125 202311.56771707782
125.76250000000755 195415.96262795766
128.4233749999828 191367.03111877642
124.94370900000717 196696.57797655574
124.33924999999135 197652.79266202514
123.3924160000015 199169.45300754707
123.74804200001677 198597.0816410709
124.93645800000763 196707.99375470128
123.41958300001465 199125.6120189377
127.47308400000179 192793.6410481734
122.8102080000042 200113.65830435822
124.30870899999036 197701.3533299739
124.66045899998335 197143.50642655088
125.03412500001332 196554.34066497753
123.35500000000366 199229.86502370614
124.68354200001386 197107.00871809744
124.88487499999223 196789.24289271643
124.31908299998895 197684.85583184508
125.42058300002168 195948.6984683826
124.72429200002466 197042.60979084283
125.02787500000068 196564.16619093835
124.38062500001479 197587.0438020156
124.55691699997828 197307.38839661778
124.59108300001276 197253.28176172514
125.33333300001459 196085.10690445884
124.77541600000563 196961.8758874656
125.92845800000418 195158.42876436384
124.19512499999996 197882.16324916141
124.98433299998624 196632.64514923407
125.08024999999634 196481.85864675452
123.47837499999059 199030.80195217885
124.03324999999654 198140.4179927615
124.87629100002096 196802.77019114763
124.41358300000616 197534.7016571236
122.23216699999284 201060.00411496786
124.2166670000131 197847.84597382095
124.676208000011 197118.6034146774
124.45024999999532 197476.50165428294
122.83916599997724 200066.48368163418
124.98020800001086 196639.13505407082
124.85216700000024 196840.79652377963
122.75074999999447 200210.589344677
124.87333400000011 196807.43047991316
122.30833300000654 200934.79648683206
124.05354200001284 198108.00726671275
124.29774999998244 197718.784129266
123.84404099998392 198443.13704204137
123.56149999999388 198896.9055895341
125.69325000001186 195523.62597034988
124.08274999998525 198061.37436511458
124.31945899999164 197684.2579406789
123.15125000000648 199559.48477988414
125.4040830000065 195974.48035243578
123.75408399998378 198587.3856090537
124.28729200001953 197735.42093101633
124.54637499999421 197324.08911942353
124.052292000016 198110.0034814095
123.77766700001303 198549.54933023106
123.87129199998981 198399.48064804252
124.76599999999394 196976.7404581472
122.77091599997902 200177.7033251442
124.89404100000456 196774.80048867266
123.2490839999798 199401.07627902555
121.70700000001489 201927.58017202784
124.2649579999977 197770.95969404708
124.42791700001976 197511.94581193622
124.82712499999593 196880.28543476269
125.09299999999257 196461.83239670852
124.47758299998668 197433.13942722225
124.73141600000304 197031.3557572328
123.67512500000544 198714.17150375972
125.50554099999545 195816.0556433193
125.29595800000948 196143.5978644909
123.93670800000223 198294.76187151557
124.81729099999939 196895.797073501
124.02445899999748 198154.46241938858
125.81162500001142 195339.65959026257
124.54983399999264 197318.6090316383
123.67854099997544 198708.68302048356
125.8152080000059 195334.0966538707
120.86562499999332 203333.24714947992
124.32074999998122 197682.205102557
122.31625000001145 200921.7908495208
125.22000000001299 196262.57786294085
124.11254200000599 198013.8316722158
122.66029200000617 200358.2381819111
124.49445900000455 197406.3761343716
125.45658299998763 195892.47062469748
124.24383300000841 197804.58640549457
124.75729199999819 196990.48934149963
124.57799999998542 197273.99701394208
123.64141599999812 198768.34797815947
124.99475000001325 196616.25788281023
124.40137500001924 197554.08652031538
125.03658299999643 196550.4767512777
125.20612500000539 196284.32714453022
124.64854199998854 197162.35429374102
120.4485410000018 204037.34072627441
125.5957499999738 195675.41099125668
125.56941700000834 195716.44582851225
124.55362499997591 197312.60330644535
122.9865420000067 199826.74201864025
124.74424999999201 197011.08467926638
123.79433300000642 198522.81929576476
182.7416659999983 134484.92912393733
125.18658300001562 196314.96771500612
124.31858300001863 197685.65090543477
123.64683300000934 198759.63988497906
125.14316599998665 196383.0769632488
122.73158299998954 200241.85624658727
124.49629199997503 197403.46965518402
124.41929200002733 197525.63774430257
123.51708299999586 198968.4293305471
125.24887500001114 196217.33129337739
124.6997500000191 197081.389497543
124.57649999998921 197276.37234953727
124.93145800002026 196715.86639128166
124.61037500000316 197222.74329083253
124.8400839999988 196859.84831602834
124.09116700001732 198047.94002780688
124.1790410000192 197907.79347374893
123.74862500001882 198596.14601775384
121.6154999999901 202079.50466841809
122.18854200000351 201131.78860910947
123.86062500002026 198416.567008248
124.81716700000334 196895.9926802324
125.67266600001403 195555.65090023042
122.98774999999296 199824.77929713656
123.82841699999858 198468.1755238806
123.56379199999878 198893.21622632173
123.01341600002047 199783.0870739815
120.25016599997684 204373.9382447483
125.46641699998418 195877.1166630438
124.42608399999244 197514.85548642272
124.09695800002396 198038.69809601016
124.74333299999785 197012.53292631218
123.87866700001382 198387.66912140942
124.8752920000129 196804.3446096403
204.48195799997393 120186.64257901488
123.77220899998065 198558.30479686958
124.5893340000066 197256.05082694074
124.01291699998751 198172.90484347267
122.97549999999546 199844.68451033666
123.57112500001222 198881.41343697868
124.19454199999791 197883.09215714497
122.13116700002047 201226.2766636454
124.85024999998018 196843.8188950675
123.54787499998565 198918.84016623397
125.42570900001238 195940.69027744205
123.12220800001228 199606.55676348452
123.9612500000078 198255.50323184425
124.74154099999168 197015.36314996812
123.32945800000061 199271.12628679417
123.31795800000123 199289.70928954042
121.55883299999459 202173.70793614886
121.42483399998127 202396.81777126243
124.46845899998493 197447.61200910324
124.57783299998937 197274.2614651364
124.74933300001112 197003.05732294224
124.93308400001979 196713.30614071855
125.04125000000954 196543.14076353304
125.35604200002126 196049.5849094839
125.38020899998514 196011.79640722176
124.30733300001862 197703.54175321516
124.40958399997726 197541.05117821545
125.53733400000056 195766.46418188149
123.79220799999757 198526.22711116425
120.5929170000104 203793.06356772082
125.93108299998335 195154.36073874828
125.13574999999832 196394.7153391443
124.95791699998904 196674.21312730553
125.45912500002032 195888.50153383438
