61.857499999999995 198650.1232671867
62.04612500000001 198046.21158855606
63.20037499999997 194429.22609240856
61.37604200000002 200208.41356958137
60.73641699999999 202316.84065261873
63.01683300000005 194995.51810228213
62.11091699999993 197839.61650413266
62.18866700000003 197592.27191668208
61.396459000000014 200141.83554136235
60.84966599999997 201940.30317274062
62.14087499999987 197744.23839381125
61.958709 198325.63005791485
61.808000000000085 198809.21563551616
61.90891700000001 198485.13906324672
62.100000000000044 197874.39613526556
62.10354200000001 197863.11060969756
61.82387500000041 198758.16583803456
61.86699999999989 198619.6195063608
62.07458299999979 197955.41759821476
61.97787500000018 198264.29996188098
62.061749999999805 197996.350409069
62.22954199999986 197462.48494003102
62.14562499999987 197729.1241338393
62.31133399999989 197203.28889123158
61.66495900000024 199270.3830387685
60.76749999999986 202213.35417780932
62.22587500000021 197474.12149688468
61.47691600000016 199879.9028890774
61.97658299999986 198268.43309512606
62.367958999999914 197024.24445218768
62.041207999999685 198061.90749864286
61.79970800000012 198835.89093980793
62.30445799999984 197225.05249945406
62.16033400000054 197682.33549066665
61.81275000000053 198793.93814382787
63.14145899999968 194610.64401441946
62.25450000000077 197383.3216875864
62.415291999999845 196874.82996955345
61.70608300000069 199137.579353398
68.6255409999994 179058.69769391118
62.70433300000011 195967.31855835192
62.588292000000045 196330.64918914853
62.30841700000056 197212.5210627625
62.07754099999985 197945.98500607538
62.20458299999976 197541.71489261568
62.80354200000016 195657.75446231948
61.81274999999964 198793.93814383072
61.84091699999961 198703.39244807896
62.9332499999995 195254.49583487422
62.30537499999933 197222.1497743996
61.58483399999959 199529.64393798774
62.187416999999634 197596.2436259424
62.20595899999992 197537.34525658572
62.2164999999999 197503.87758874285
62.270625000000024 197332.20920779253
60.92741700000026 201682.60210341672
62.02062499999972 198127.63899106235
62.749624999999476 195825.87146935303
61.88329200000009 198567.32896498108
60.31720899999993 203722.95409092976
62.18745800000036 197596.11335134375
62.11812499999958 197816.65979132632
61.916125000000655 198462.0323057987
61.92812499999967 198423.5757178191
61.63383399999933 199371.0143036069
62.842749999999725 195535.68231816802
62.37820900000024 196991.86938823384
60.83012499999896 202005.17424549448
61.788082999999716 198873.3005359635
62.559999999999505 196419.437340155
62.633499999998676 196188.94042326006
62.86083300000023 195479.4331153702
61.56716599999967 199586.90318797628
62.30616700000091 197219.6428003639
61.85116700000037 198670.46324283464
62.083666999999565 197926.45302346727
62.002958000000774 198184.09308794342
63.28291700000044 194175.6256273698
62.63283300000033 196191.0297112049
62.16512499999993 197667.1003235337
62.742040999999915 195849.54209570607
62.11512500000005 197826.21382473255
60.68620899999999 202484.2250403218
62.26724999999966 197342.90497813965
62.00570900000102 198175.30027758892
61.53433299999911 199693.39718040297
61.83979099999881 198707.01050720297
63.052917000000264 194883.92583010788
61.94750000000049 198361.5157996675
62.343792000000064 197100.61909612408
62.261916999998945 197359.80824362038
62.34212500000069 197105.88947681626
62.6483329999985 196142.48953759542
61.79691700000056 198844.87117698588
61.99904200000006 198196.6108444061
62.50683300000048 196586.50759029665
62.3368339999999 197122.61934893936
62.51733300000062 196553.49021366407
61.90525000000058 198496.896466776
61.69741699999953 199165.55015585324
62.18870800000076 197592.14164732044
62.096083000000135 197886.87798552404
63.15850000000012 194558.13548453458
62.64970800000036 196138.1847142836
62.798499999999535 195673.4635381433
60.79966700000128 202106.3700891609
62.00637500000106 198173.17171016353
61.357708000000954 200268.23687742391
61.87529199999986 198593.00219544867
61.86100000000039 198638.88394949844
61.71408300000003 199111.76513795066
62.61212499999935 196255.91688511014
62.01899999999938 198132.83026169598
62.25908399999902 197368.78878590942
62.35095799999968 197077.96630807282
62.29395800000148 197258.2959008594
61.551625000001664 199637.29633457554
62.00458299999845 198178.89913073534
62.082792 197929.24261524837
63.004833000000815 195032.65725662414
62.170499999998796 197650.0108572432
62.80362500000081 195657.4958849882
61.98170899999944 198252.03593531298
61.96341699999941 198310.56121388718
61.574792000000045 199562.18447315245
62.01112499999972 198157.99181195398
62.511041999998795 196573.27100706843
62.68516699999971 196027.23559785774
62.799874999999616 195669.1792778262
62.10725000000039 197851.297553827
62.21599999999938 197505.46483219948
62.5952500000011 196308.8253501629
62.59229199999794 196318.10255487057
62.07812499999932 197944.12282909857
63.0414590000008 194919.34664773295
62.11587499999993 197823.82522986297
62.29679200000149 197249.3222443895
60.99949999999765 201444.2741334023
62.17049999999702 197650.01085724885
59.69058399999838 205861.61462250617
62.62566599999886 196213.4821847679
61.89541700000234 198528.43062677057
62.95683300000121 195181.35545350198
61.85304099999911 198664.44400041993
62.58558399999714 196339.14417097333
62.824333000001786 195593.00374903544
62.0109169999985 198158.65648302375
62.46295899999765 196724.59000862355
62.175083999999714 197635.43865899814
60.79291700000056 202128.81049941867
62.50862499999954 196580.87183968758
62.37087500000271 197015.03305828988
62.811083999999795 195634.26098489304
61.98416700000209 198244.17419370313
62.366708000002546 197028.19651791622
61.477624999998426 199877.59774389974
61.61916599999984 199418.4731419447
62.39933300000189 196925.1818765375
62.06312500000166 197991.96382714648
61.87158299999851 198604.907199486
62.447375000001415 196773.68344145323
61.612042000000145 199441.53125130915
60.86912499999997 201875.74570851817
62.31220799999804 197200.52288951768
62.183040999997274 197610.14904370048
62.90354100000073 195346.71347038884
61.34783299999924 200300.47353099094
62.21883299999931 197496.4718480036
62.415083000001204 196875.4892146785
62.60691600000001 196272.2457052508
63.79858300000052 192606.15866656316
62.249584000003466 197398.90952523178
62.25254199999952 197389.52989261216
62.096916000001556 197884.22342906194
62.58250000000132 196348.81955817906
61.918332999997716 198454.9551745919
62.675541000000834 196057.3423690086
62.46695800000168 196711.99612440978
62.222750000000104 197484.03919788147
62.48379199999832 196658.99918494592
62.25566699999874 197379.62168167357
62.237792000001235 197436.31007989094
62.5019999999985 196601.70874532487
60.50058400000324 203105.47746116534
64.66083299999781 190037.7621179179
63.7020409999991 192898.0580072807
63.26400000000021 194233.68740515868
62.26299999999796 197356.37537543007
63.14166700000001 194610.0029319783
64.28454199999933 191150.1523958921
63.52312499999968 193441.3648572872
63.337415999999536 194008.54622803195
62.42824999999996 196833.96539227045
61.73454199999995 199045.77894171485
62.55891700000049 196422.83769074685
63.190458000001115 194459.73947521925
63.79991699999721 192602.13144165277
63.240167000000014 194306.88726675877
63.26912500000148 194217.95385979675
64.73300000000037 189825.90023635438
63.22437500000078 194355.42067438152
64.04662499999958 191860.2268269418
63.41683300000156 193765.5890195541
63.32666700000189 194041.47702893685
61.436875000001834 200010.17304346344
63.609792000001164 193177.80507755434
63.77154200000135 192687.82931420635
63.4977499999998 193518.66798429927
63.54299999999924 193380.86020490294
63.709207999998796 192876.35784140075
63.910583999998494 192268.623300333
63.68458300000057 192950.9375919112
63.42354199999889 193745.092319193
62.052500000000066 198025.86519479452
63.38233399999993 193871.05561622287
63.74299999999877 192774.10852956775
63.29391699999931 194141.87938471456
62.00087500000251 198190.75134019484
63.03374999999889 194943.18519840905
61.28475000000222 200506.65132842274
62.95700000000082 195180.83771462808
63.33537499999764 194014.7982071703
63.43158299999985 193720.531931231
63.81204200000212 192565.53488759365
62.41283299999978 196882.58663086232
62.09491699999958 197890.59384683747
61.91649999999882 198460.83031179465
63.540749999997814 193387.7078882516
62.8747080000025 195436.2953065247
61.612333999999436 199440.5860359082
63.407041999997915 193795.5093379124
63.532708000000326 193412.18699508192
62.592166999998256 196318.49461291765
62.18774999999965 197595.1855469939
63.40870800000076 193790.41755589552
64.48495800000131 190556.0673544945
63.36762500000148 193916.05729265872
63.4375000000027 193702.46305417895
60.99908299999868 201445.65124036808
63.20883300000091 194403.20943751364
62.29512499999856 197254.6005807081
64.86437499999909 189441.43067747392
62.50862499999954 196580.87183968758
63.36158399999903 193934.5455757575
62.74083299999944 195853.31294533671
62.330374999998384 197143.04622746643
60.84916700000065 201941.9592054542
61.79108400000288 198863.64188075138
60.97254199999824 201533.33938415023
62.99370800000048 195067.10098729076
62.131582999999324 197773.81175046085
62.31991699999995 197176.12910171255
62.252707999999046 197389.0035434312
62.52441699999878 196531.22075492906
63.39420799999829 193834.74275757704
61.575749999999374 199559.07967016438
62.3843750000006 196972.39893803347
62.271750000000736 197328.64420864766
62.532999999998395 196504.24575824468
62.48649999999856 196650.47650292917
61.58033400000207 199544.22462209425
62.0797080000024 197939.0753577566
62.34733400000181 197089.4216583446
60.702874999996936 202428.6329107249
63.00641700000398 195027.7540777985
61.92391700000144 198437.05946443463
62.574834000002966 196372.87411740347
62.0237500000016 198117.65654285147
62.096250000003295 197886.34579381763
62.1820409999998 197613.32697329827
61.93904199999878 198388.60278142893
61.83400000000461 198725.62020893174
62.44208300000054 196790.36011658827
62.24516600000385 197412.920386448
61.003833000000895 201429.9658842719
62.18787499999934 197594.78837313753
62.48683300000124 196649.42852840302
62.87091600000139 195448.08286234812
62.500292000002844 196607.0814517065
62.995916000005536 195060.2639066145
62.84245799999866 195536.59088255686
62.00116699999825 198189.8179432711
61.087290999999766 201154.77047427176
63.31199999999626 194086.42911297583
63.98416600000445 192047.51375518664
62.6334999999969 196188.94042326562
64.13575000000549 191593.6119870579
61.73174999999986 199054.78137263283
63.41858400000433 193760.23911223185
63.457833000001074 193640.39739585484
63.44562499999995 193677.65704885105
63.295000000003654 194138.55754797836
61.3148330000044 200408.27641166566
60.986833000001184 201486.1142240287
63.51254199999801 193473.59770296054
63.574666999997476 193284.53580418264
63.13362499999897 194634.79247390278
113.05320900000027 108692.18228029221
63.60920800000258 193179.57865470517
63.8427080000028 192473.03858099913
61.916957999997635 198459.3622961979
62.77883299999587 195734.76302117322
63.98887499999972 192033.38080252314
63.3915000000016 193843.0231182365
63.45333300000533 193654.1300359899
63.36991599999919 193909.04668392107
62.37470800000011 197002.92625017144
63.34441700000326 193987.1038674074
62.59720899999621 196302.68180168772
63.33233299999819 194024.11719145655
63.94433300000202 192167.14638339588
62.51687500000003 196554.93016885433
62.26399999999899 197353.20570474432
63.903708999994535 192289.30827788182
63.918999999998505 192243.30793661176
61.9252500000016 198432.78791768596
63.28091700000016 194181.7625683264
63.19425000000223 194448.07082922207
63.47941700000348 193574.55661571887
63.19491699999702 194446.01849861722
62.91354199999688 195315.66033908262
62.71124999999955 195945.7035220967
62.78391700000441 195718.91317324367
63.3379580000053 194006.88604452595
63.74416700000296 192770.57930648664
62.34200000000101 197106.2846876873
63.684707999996704 192950.5588688675
62.295917000000145 197252.09278161795
62.34158399999501 197107.59996090224
62.761833999999794 195787.77764843585
63.849374999996655 192452.94100373957
61.86645900000087 198621.35636370955
61.158208999998465 200921.51488609336
61.985375000006115 198240.3107184362
63.26358300000123 194234.96769065008
61.52433300000126 199725.85480934425
63.107666000000506 194714.85445207087
63.84649999999681 192461.60713587454
63.32466699999628 194047.6054931441
63.09524999999638 194753.17080129968
63.73674999999679 192793.01188091046
62.744166999998185 195842.9060027262
63.72508399999788 192828.30604037194
63.33220899999503 194024.49707700807
61.22620900000442 200698.36432301588
63.11345799999657 194696.98522937324
62.31354199999828 197196.30124701207
62.34929200000039 197083.23231641384
63.218540999997686 194373.35638607113
60.24558300000393 203965.16040021056
63.229332999995336 194340.18068798713
62.886708999997154 195398.99917485833
61.45408399999752 199954.1641528738
61.85024999999911 198673.40875744523
60.309125000003405 203750.2616726624
63.64379100000406 193074.60801634548
63.490334000000814 193541.27196747527
62.28070899999949 197300.2587366194
64.02062499999772 191938.1449337684
61.909374999999045 198483.67068800467
64.55954100000127 190335.92571545322
63.75287499999871 192744.24878878403
63.93399999999616 192198.20439829727
63.1692500000014 194525.02602135894
64.61854199999806 190162.1364344675
63.43566700000025 193708.0601674757
62.87966600000061 195420.88534630384
61.343624999999236 200314.21357965318
63.81258399999723 192563.8993086463
61.850582999994685 198672.33911119407
63.08729100000221 194777.7405753493
62.95708399999711 195180.57729612387
63.38954099999938 193849.01367246246
62.99795900000049 195053.93817599557
62.3208749999975 197173.09809916007
63.28137500000253 194180.35717459535
63.36241700000045 193931.99599693163
63.44433299999963 193681.60116050194
64.18137499999688 191457.412683985
61.36074999999863 200258.3084463647
62.425165999997034 196843.68961070257
62.731499999998164 195882.45140002007
62.29250000000519 197262.91287071438
63.09129200000285 194765.3885420423
62.23637499999768 197440.80531683375
63.322167000002594 194055.26661776274
63.55966600000329 193330.1537487526
62.07829200000248 197943.59032944252
61.963708000000395 198309.62988851347
61.3465830000024 200304.55486004037
62.42225000000445 196852.88498891218
64.24008399999792 191282.4397925818
63.79812499999815 192607.54136583727
62.90687499999592 195336.3602944956
63.078500000003146 194804.88597540188
63.698792000003834 192907.8969032766
62.948457999993934 195207.3234264322
63.042667000004826 194915.6116761218
62.85708299999726 195491.09525175605
63.36799999999698 193914.90973362874
63.41687500000148 193765.4606916489
63.94279199999886 192171.77754765883
62.542166999996596 196475.44351958047
88.53804099999962 138787.80082789558
62.977916000001244 195116.01495355542
63.78374999999892 192650.94949732823
65.81916700000079 186693.33812747666
63.60145800000083 193203.11807946037
63.579167000000325 193270.85553039625
63.47966699999574 193573.79426708122
63.03683300000529 194933.65093387495
62.391417000000615 196950.167039801
61.84658299999768 198685.1884767904
63.26908399999809 194218.07971805584
86.27954199999976 142420.78382845418
64.3187499999982 191048.48897095083
63.41049999999626 193784.94097981762
62.62291600000225 196222.09863238496
61.94858299999595 198358.04799604218
61.648999999995624 199321.96791514658
66.67962499999902 184284.17976256137
61.8348750000024 198722.8081240485
62.57866600000028 196360.84923893944
62.097207999997295 197883.29291713945
62.84520799999882 195528.03453208765
62.64937499999945 196139.22724688167
62.4091659999948 196894.15493873166
62.111125000001266 197838.95397160732
62.69795800000111 195987.2441140712
61.792124999996645 198860.29166339024
61.65150000000352 199313.88530691544
62.81612499999767 195618.56131686657
62.427208000002565 196837.25083459596
62.3964170000022 196934.38487020123
62.124292000000025 197797.02278136215
61.020208000002185 201375.91140298243
61.93454199999593 198403.01717256274
62.300332999996044 197238.1110707832
62.25408400000276 197384.64066067463
62.00749999999999 198169.57626093618
62.086374999999805 197917.8201336451
62.84358399999945 195533.0873554269
63.137166000004186 194623.87652938341
62.92083299999973 195293.02798645486
63.264166000003286 194233.1777518313
62.1018749999962 197868.42184717857
62.05216600000085 198026.93108246746
62.05916599999739 198004.59451872937
62.579499999998234 196358.23232848372
62.114416999996536 197828.46871122828
62.01183400000332 198155.7262118605
62.47216599999916 196695.59720404388
62.2557499999985 197379.3585331523
62.105583999993996 197856.6049713209
62.62458300000162 196216.8754081713
62.722333000003516 195911.08002948982
62.28016600000075 197301.97893178146
63.285125000000164 194168.8508950558
61.744416999999885 199013.9448559377
62.49204099999872 196633.0400378546
62.89512500000427 195372.8528244306
62.388208000001555 196960.29736901072
63.07270899999651 194822.77192185738
62.38879200000014 196958.45369148953
62.04100000000068 198062.5715252795
62.17358300000342 197640.20999078217
62.06733300000167 197978.54049890736
61.756332999998165 198975.5447429232
62.19237500000219 197580.49117756909
62.563499999996 196408.4490158125
62.13462499999878 197764.12909871497
62.22575000000319 197474.51818578917
62.25316599999786 197387.55134157228
62.300249999999835 197238.3738428021
62.775625000000446 195744.76558377416
61.89029199999396 198544.87033283344
62.124541999999394 197796.22681162172
62.57554099999396 196370.65542911066
63.05975000000075 194862.80868541112
62.576874999997756 196366.46924283836
61.4995829999998 199806.23283250618
62.01575000000048 198143.2136191194
62.48833299999745 196644.70806095118
61.64691699999736 199328.70284495372
60.90683400000074 201750.75920051683
62.59424999999652 196311.96156197548
62.62183300000146 196225.4921538262
62.20083299999857 197553.62440243017
62.145833000002426 197728.46234114395
62.55270799999835 196442.3346787852
62.492500000004725 196631.59579148013
62.24062500000116 197427.32339207345
62.26020800000498 197365.22563495158
62.10229199999873 197867.0932145347
61.96941700000025 198291.3603979839
61.65983300000022 199286.94909050365
62.61833300000319 196236.46001562153
62.62229200000036 196224.05388802968
63.23654200000561 194318.0258022159
61.91558399999764 198463.7664081545
62.462791000001516 196725.1191193122
62.69366600000126 196000.6613746236
62.86008400000043 195481.76232153806
66.1188750000008 185847.0822439107
61.66670799999707 199264.73130364902
61.41491700000046 200081.68373816914
63.8269999999963 192520.40672443813
62.32079200000129 197173.36069797934
62.1820409999998 197613.32697329827
62.21695800000049 197502.42369612324
61.311333999995554 200419.71358836998
62.55058299999661 196449.00831700748
62.43645800000053 196808.08927373643
62.517292000002556 196553.6191170836
62.01120800000126 198157.72658387417
62.549916999998345 196451.10000706036
62.274207999998055 197320.85552979467
62.504208000000006 196594.76366775177
61.75974999999312 198964.5359639793
61.44808300000193 199973.69161214703
62.0847499999968 197923.00041476582
62.151207999988856 197711.36226350104
62.68004199999666 196043.26365959767
61.750875000001315 198993.13167626754
62.63274999999169 196191.2897007018
62.30133299999352 197234.94519774205
61.63412499999765 199370.07299122796
62.238333999999895 197434.5907138199
62.205542000000946 197538.66946452798
62.09112499999492 197902.67932818105
62.34379199999296 197100.61909614655
62.274333000004845 197320.45945797674
62.05004199999564 198033.70963070198
62.24862500000938 197401.95064546642
61.796583000003125 198845.94589962004
62.41058300000191 196889.68455878107
61.508791999997925 199776.31815627942
61.512999999990825 199762.65179721088
63.313415999999734 194082.08838392247
62.446749999992335 196775.65285625766
62.28341599999965 197291.6835518474
61.74154100000351 199023.2151801864
62.26012499999456 197365.48874582365
62.61524999999324 196246.1221507752
62.747375000000716 195832.89340788932
62.72704100000226 195896.37585486547
61.85250000000053 198666.18164180743
62.25987499999519 197366.28125258762
62.85287499999015 195504.1833806636
63.230707999991864 194335.95461245795
61.43712500001186 200009.35916186878
62.01220900000237 198154.52792529177
63.238166999994405 194313.0325077431
62.84633300001019 195524.53442268472
62.980834000001096 195106.97492509842
62.171250000005784 197647.62651545298
62.809291999997185 195639.8425889047
63.472540999995886 193595.52660733712
61.198333999996635 200789.77966950336
62.34879099999091 197084.8159670296
62.096209000003455 197886.47645139362
62.053958000007015 198021.21244222022
63.652042000001074 193049.58040465997
61.8193749999989 198772.63398409024
62.23666600000399 197439.88214277435
61.2339170000098 200673.10082414022
62.3166670000046 197186.41242477062
62.58633299999872 196336.79448834702
62.18125000000896 197615.84078799043
62.03241599999387 198089.97927795065
62.13549999999657 197761.344159147
62.54500000000007 196466.54408825623
62.872208000001706 195444.0664784616
62.22879199999909 197464.86481691914
61.810499999992885 198801.17455774365
61.930208000006814 198416.90181306427
62.309958000000165 197207.6437605682
62.061040999992656 197998.6123661937
62.26862500000152 197338.5473021076
62.19508299999177 197571.88844014608
62.108832999996366 197846.25481532907
62.73004199999832 195887.00418852468
62.30487499999526 197223.73249285764
62.97220899999445 195133.69778724268
62.19008300000439 197587.7729572918
62.14245900000037 197739.19792906693
62.65366700000641 196125.79100914786
62.606166999998436 196274.5938431322
62.30074999999147 197236.79088938228
62.63612499999738 196180.71839534317
62.37941699998828 196988.05456938318
61.878875000004996 198581.50297656524
61.947500000002265 198361.51579966184
62.555708000004984 196432.9138437538
63.05737499999964 194870.14801995913
62.494749999999044 196624.5164593856
62.34479100000101 197097.4607966815
63.03441600000781 194941.12549560986
61.72441699999354 199078.42952978052
62.137374999991835 197755.37669561378
62.936708999998814 195243.7646525215
61.791165999991904 198863.37797868403
61.334125000001904 200345.24010898694
61.75045800000589 198994.4754741548
62.116666000008536 197821.30612094203
62.189333000006286 197590.15585516504
62.57033299999648 196387.0002098389
62.23208299999783 197454.4223435431
61.66708300000323 199263.51956682233
61.93916700000557 198388.20241155158
62.39179199999967 196948.9832893414
62.53591700000527 196495.0797794964
61.739250000002244 199030.60046890032
61.25287499999388 200610.99172897972
61.95658299999707 198332.43547341178
61.778042000000255 198905.6241050817
62.12108300000807 197807.24041785306
62.50083300000142 196605.37964349563
62.396915999997304 196932.8099485002
63.02904199999659 194957.7466210047
62.3518750000045 197075.06791093474
63.80004199999689 192601.75408662893
62.000917000005984 198190.6170839185
62.556333000003406 196430.95128353083
62.24566600000969 197411.3346300783
61.99420799998734 198212.06523039233
62.335333000007154 197127.36595148357
62.158334000002924 197688.69609663961
62.15775000001145 197690.55347076972
61.96312500000545 198311.495748462
62.502082999998265 196601.44766695763
62.400374999995734 196921.89349824964
61.80883300000062 198806.53627613187
63.05537499999048 194876.32894105944
61.940957999993884 198382.46608974328
62.352625000002604 197072.69742050936
63.283624999996846 194173.45324324598
63.023375000000215 194975.27703014886
64.61516699999947 190172.0690437912
63.965874999993844 192102.42961580973
61.690040999991425 199189.36348253858
63.75250000000676 192745.38253399782
63.364124999992555 193926.76849875925
62.51120799998944 196572.74900210017
64.10587500000986 191682.8995782073
63.52116699999044 193447.32756565773
61.833625000005554 198726.82541253074
62.59099999999762 196322.15494241132
64.54124999999067 190389.8669455856
64.1059160000026 191682.77698425684
63.58704199999465 193246.91971048177
64.57616699999846 190286.9211794545
63.567000000006146 193307.84841189315
139.2088340000015 88270.2602048938
62.19324999999287 197577.7114076111
62.574957999999015 196372.4849803366
61.90916600000662 198484.34075171818
61.2788750000135 200525.87453665384
64.5303749999897 190421.95245265443
63.78233299999181 192655.22946615293
63.65370800000392 193044.52774376073
63.40366700000288 193805.82514256536
62.687666000002196 196019.4211090834
63.787290999997026 192640.25493731303
63.77729100000806 192670.46008583912
63.3854590000027 193861.49747688152
63.6756250000019 192978.08227244936
62.5736660000058 196376.5396133073
63.324790999999436 194047.22551709818
63.35170799999901 193964.77834504782
63.54629199999806 193370.84215709037
62.58425000000045 196343.32919224742
63.278500000009785 194189.17957913192
63.41479200000322 193771.825349508
62.01512500000206 198145.21054338908
63.05412499999363 194880.19221583428
62.62341699999752 196220.52881592978
63.4631249999984 193624.25030283822
62.15641600000765 197694.79630225923
63.71679100000449 192853.40343017486
63.07137499999271 194826.89254834573
64.49612499999091 190523.07406067778
62.74783399999251 195831.46089156586
63.09729099999117 194746.87114541445
61.78745799999774 198875.312203335
63.62529199999756 193130.74429584498
63.47383300000331 193591.58600047612
61.87624999999741 198589.9274762209
63.53408300000751 193408.00118258648
63.37125000000299 193904.96479080687
63.696124999992776 192915.97408792755
63.40274999999451 193808.62817466218
64.04458300001181 191866.34410591342
62.67850000000408 196048.08666447346
64.20741600000213 191379.7621134542
63.654249999999024 193042.88401795935
63.32766699999581 194038.41294202127
61.5051249999965 199788.22902970607
63.66562499999873 193008.39346193877
63.48829099999875 193547.49996342225
63.051290999993626 194888.95159975777
63.40620899999294 193798.05532927174
62.57858299998986 196361.10967872172
64.35929100000237 190928.14431407498
61.82454200001075 198756.02151646934
60.844541999998114 201957.30949869557
61.718333000001735 199098.05405793534
62.03324999999893 198087.31607646242
63.79741700000352 192609.67885266143
63.61466600000654 193163.00426695216
63.79366699999878 192621.00107837093
64.65599999999938 190051.96733481993
63.58499999998912 193253.12573723524
63.522332999994546 193443.77669505708
64.43891699998971 190692.2178720347
63.40041599999324 193815.76297545602
63.58658300000286 193248.31466410842
63.65208299999381 193049.45605631155
62.484624999996186 196656.37746886935
65.34849999999892 188037.9809789085
62.449042000011445 196768.43081112034
63.866791999998895 192400.45750223703
63.358750000006125 193943.2201550506
62.7699160000077 195762.56880761945
64.31079200000056 191072.1298534139
62.013708999998585 198149.73492393884
63.557709000008344 193336.10656102136
63.03991599999392 194924.11760195214
62.9465410000023 195213.26835098932
62.18208299999617 197613.19349821005
63.17241700000409 194515.27396837142
63.077166999988776 194809.00275692766
63.8252920000042 192525.55867663232
63.017457999990256 194993.5841588834
63.133250000007024 194635.94856907625
63.421542000000386 193751.20207578564
65.49074999999505 187629.55073809554
63.69283300000461 192925.94505882805
63.4322500000053 193718.49492961346
61.554000000001 199629.59352763105
62.39725000000362 196931.75580653452
63.48108299999922 193569.47643757355
63.46687499998893 193612.80983193425
60.886624999994865 201817.72269362994
63.074166000006926 194818.27155667267
62.066583999992986 197980.92964164724
63.09699999999907 194747.76930757693
63.81008300000701 192571.44674139743
63.352416000000744 193962.6106761241
62.28345899999965 197291.5473432532
64.60208299999692 190210.58500544922
63.040624999999295 194921.92534576135
63.67258400000253 192987.29889774084
64.21962500000689 191343.37828971568
62.5730419999968 196378.4979480561
63.66870800000868 192999.0475069531
62.90850000000603 195331.31452822467
62.33416599999941 197131.0565059957
60.57229200000336 202865.0327446635
62.582666999986714 196348.2956071944
62.799374999997326 195670.737168969
62.45383299999219 196753.33618036762
62.822208000000046 195599.61980323886
61.32362499999999 200379.54377289343
63.278207999999836 194190.07567344562
63.59341700000698 193227.54743621737
63.00466700000129 195033.1711141295
62.17795800000658 197626.30352059324
63.505583000008414 193494.79871712023
64.3643749999967 190913.06332114048
63.340209000003256 193999.99137987322
62.76304200000027 195784.00932191827
63.256750000007855 194255.94896984866
62.627458999998 196207.86466844188
62.328791000012984 197148.05634522
63.324042000004965 194049.52071756628
63.429374999998345 193727.27541459017
63.21595800000068 194381.29846896994
61.89691699999855 198523.61952050516
63.61720900000023 193155.28287322313
63.73266700001068 192805.36306440685
63.141500000000406 194610.51764687125
62.22108299999718 197489.33010376172
63.56954099999257 193300.1215157655
63.201999999989766 194424.22708145296
63.934500000002004 192196.70131149248
63.520582999998965 193449.1060952668
61.95133399999975 198349.23974357115
63.17908299999431 194494.75073896066
63.22166600000401 194363.74865539325
63.39116699999181 193844.04139462503
63.55912499999761 193331.79932858518
63.31579199999737 194074.80522395598
63.89199999999562 192324.5476742134
63.418166999994696 193761.51316390187
65.30358300000216 188167.31694491545
63.159917000007226 194553.77055037286
64.07320900000002 191780.62394221578
64.17375000000902 191480.16128087064
63.59758300000351 193214.8899432125
63.424042000008285 193743.56494022242
63.186041000008686 194473.33312112893
62.99891599999796 195050.97516281705
61.575167000000874 199560.9691160046
62.950458000003096 195201.12149143373
63.2670000000104 194224.4772155781
64.0463330000074 191861.10155594046
62.33770800000116 197119.8556097021
63.48241700000301 193565.40882807624
62.57579200000407 196369.8677597113
63.41024999998979 193785.7049925206
64.23495900000376 191297.70130310633
63.40637499999957 193797.54795949277
63.13841600000103 194620.02341015017
63.26929099999745 194217.44428905478
62.0628750000094 197992.76137301308
63.37104199999999 193905.6012366027
63.206665999999245 194409.87442685472
63.21529100000589 194383.3494335865
63.539875000003576 193390.3710071716
63.16808300000787 194528.6197777835
63.36033399999508 193938.37160013954
63.17470800000535 194508.21996674617
61.90116700000203 198509.98931893476
62.64187499999707 196162.71064684086
62.11754100000633 197818.51957080446
62.480166999989706 196670.4090275883
63.27229100000409 194208.23563981912
62.38704199999745 196963.97851336663
61.595749999995064 199494.2832906651
62.25274999999897 197388.8703711917
62.61133300000665 196258.3994178609
64.36341600000617 190915.9078815646
61.887833000000114 198552.7591505745
62.06799999999646 197976.41296643522
62.72983399999532 195887.6537119629
62.28779100000281 197277.82608311548
62.1157500000038 197824.22332499002
62.50254200000427 196600.0038846286
62.053958000007015 198021.21244222022
61.86091700000418 198639.15046715472
62.792041999998105 195693.58805054263
62.80587500000934 195650.48651894706
61.35420900000099 200279.65807528872
62.902792000002705 195349.0395148036
62.404417000010426 196909.13865917452
61.85879199999533 198645.9742052662
62.51883299999861 196548.77435092677
62.473791000002166 196690.48097304633
61.46820899999739 199908.21596901453
62.5039170000008 196595.67895560598
62.53120899999942 196509.8739734924
62.17912500000011 197622.59439964744
63.44400000000405 193682.61774161804
62.020125000003645 198129.23627611645
62.19774999999572 197563.41668309298
62.6921249999981 196005.4791570771
62.483958000001394 196658.47672453345
62.592500000008044 196317.45017371763
62.08858300000486 197910.78176158472
62.20516599999826 197539.86348979993
62.68912499999146 196014.8590365821
62.59299999999257 196315.88196765547
62.21599999999228 197505.46483222203
62.23970799999279 197430.23215985243
62.8663749999987 195462.20058020292
62.46187500001099 196728.0040824557
62.23525000000052 197444.37436982896
63.203666999996244 194419.09913234512
62.203666000002045 197544.62703210444
62.032041999998455 198091.17359058253
61.882208000000105 198570.80729892474
61.986250000003906 198237.51235151707
62.00674999999478 198171.97321261046
62.07083400001068 197967.373855455
62.15170899999123 197709.7685278732
62.84374999999898 195532.57086027172
61.80862499999762 198807.2053050925
61.17829199999392 200855.55837356855
61.16404200000147 200902.3537064425
63.131791000003545 194640.44668080634
62.29416700000456 197257.63408954645
62.84029200000418 195543.33070252414
61.84516700000131 198689.73755054682
63.058957999999166 194865.25609890607
62.38108299999112 196982.79364597995
62.65133300000514 196133.09743942707
62.69070799999099 196009.9094749698
62.25004200000228 197397.45717761203
60.3612499999997 203574.31299053715
62.318457999992916 197180.7453900961
62.39770799999178 196930.31032488594
63.21049999999673 194398.08259704695
62.315124999997806 197191.2918412734
62.06558399999551 197984.11950817847
62.52787500000068 196520.3519230402
62.52645799999357 196524.80554713757
61.40775000000076 200105.03560218128
62.259957999998505 197366.01813962508
61.889833000009276 198546.3428217387
62.58895799999209 196328.5600632871
62.14316599999847 197736.9482591264
61.1239170000033 201034.23672928775
62.42054100000871 196858.2745862181
62.47329200000706 196692.0520211839
62.14958300000717 197716.53174243474
62.30370799998752 197227.4266565717
62.12300000001392 197801.13645505282
62.05016699999533 198033.31069199098
63.35404099999664 193957.63563054567
63.06533299999728 194845.55801838913
62.350124999994705 197080.59927708315
62.48087499999144 196668.1804632487
62.24991599999896 197397.8567296413
62.13679100000036 197757.23532294948
62.249042000004806 197400.6282698945
62.446792000002915 196775.52051031584
62.377250000011486 196994.89797959573
63.17904099999794 194494.8800346685
62.20033399999636 197555.2092694666
60.962875000001304 201565.2969122558
62.0052080000022 198176.90152736145
63.23716699999693 194316.10527398542
62.92912499999659 195267.29475422812
62.25116700001365 197393.88982052827
62.04800000000432 198040.22692107956
62.80908299999055 195640.49358914935
62.19654200000946 197567.25381932216
62.516415999994024 196556.37328923613
61.419499999999516 200066.75404391272
61.227625000000785 200693.7228089419
61.665334000011285 199269.17123318836
62.727792000004 195894.03051201318
62.4520000000075 196759.11099722225
62.60241699999369 196286.3510525678
62.4235000000084 196848.94310633568
62.293832999998244 197258.69172314933
127.21966699999143 96588.83952275105
60.67974999999137 202505.7782868543
61.37208299999486 200221.32864548574
63.989166999988356 192032.50450192977
62.002000000006774 198187.1552530347
62.356624999992505 197060.05576795532
62.9240420000059 195283.06843350668
62.675874999996495 196056.29757862474
63.560541999990505 193327.4892464233
63.746332999997435 192764.02926581667
63.20462499999735 194416.15229898944
63.583375000007436 193258.06470635702
63.43883300000641 193698.39290705044
60.99491599999851 201459.4134370199
63.35812499999349 193945.13331954286
61.64316699999972 199340.82880589273
63.59629199999972 193218.8121911267
63.84549999999933 192464.62162564517
63.08854200000269 194773.87827411634
62.94408299999077 195220.8915332328
64.30991700000277 191074.72957863513
63.36466700000187 193925.10971452965
63.44358299999442 193683.89077270558
61.51766700000394 199747.49692635797
64.21933299999694 191344.2483122736
63.40345799999625 193806.46399445165
63.787374999989765 192640.0012541976
63.72724999999946 192821.75207623278
62.957500000010214 195179.28761462902
63.923041999998986 192231.15195300302
65.93254199999876 186372.3076231496
61.9394160000013 198387.40487962854
63.345957999999314 193982.38479557185
70.40533400000015 174532.23075399335
62.07791699999632 197944.78606620658
143.72716700000865 85495.31905822133
89.88662500000544 136705.54434543801
65.81691699999226 186699.7203773833
99.83883399999627 123078.36047044038
167.09566599999448 73538.71165036924
174.22220900000696 70530.61759766523
101.65341700000852 120881.32757995701
178.96283400000357 68662.30113454592
153.72033399999907 79937.37510354404
61.90454200000772 198499.16666855346
63.04033300000356 194922.8282153793
62.84141700000134 195539.83004552138
63.478958999994006 193575.9532540721
63.32274999999754 194053.47998942682
62.514041999989445 196563.8376095098
61.66562500000339 199268.23088226747
63.17579099999193 194504.88558190857
63.50437499999373 193498.47943549108
61.50716599999839 199781.59943185028
64.0602910000041 191819.29723046705
63.243541999995045 194296.51805398506
63.360916000007705 193936.59018437337
64.06200000000695 191814.1800130915
63.37104199999999 193905.6012366027
64.02070899999046 191937.89309646402
63.48891700000081 193545.59158726622
61.39637500000106 200142.10936720268
63.83558400000311 192494.518417806
