246.92687500000002 398109.76427737967
253.53095800000003 387739.63059769606
251.5275 390828.0406714971
245.41987500000008 400554.35608057404
243.61233299999995 403526.36826477916
249.13920799999988 394574.5865901606
241.15420900000007 407639.5780427783
246.15729199999993 399354.4095374596
245.903958 399765.8305280308
243.73229100000015 403327.76423128904
245.616042 400234.4439700726
250.43558299999978 392532.0787980839
250.19879199999994 392903.575649558
248.17008299999975 396115.4334626229
245.44237500000054 400517.6367772671
256.4819589999994 383278.4199843087
250.46325000000013 392488.7184047957
247.69941700000064 396868.1121280142
242.77862500000057 404912.08812143066
243.86370800000012 403110.41280484403
244.89358299999964 401415.17305498425
242.5263330000007 405333.3045694453
247.9079999999998 396534.1981702893
248.90362500000052 394948.04464981094
249.8529170000001 393447.47774147446
244.02879100000075 402837.71270251344
247.24262500000015 397601.3440239115
241.1104589999997 407713.54510174994
245.10170799999997 401074.3164629437
248.99274999999932 394806.6760979999
245.5433340000006 400352.9576575667
245.93675000000025 399712.52771291765
245.763457999999 399994.37182398536
244.84379199999927 401496.8041337977
246.64112500000002 398571.00067963114
247.90762499999985 396534.79799179255
243.30549999999994 404035.2560875115
249.10129200000063 394634.6452510562
249.48654199999964 394025.26169127045
311.7872500000001 315291.9178061322
250.09562500000015 393065.65238796134
244.40991700000046 402209.53882161755
249.08941699999866 394653.45892234566
245.127333000001 401032.38915425073
250.08029199999982 393089.7521504816
244.33487499999984 402333.0684987154
234.61654199999947 418998.5887695857
252.06741600000095 389990.9062423191
245.81191699999926 399915.51752147276
246.7623329999995 398375.22528205387
249.87695799999977 393409.6236276419
251.03737499999923 391591.0927605911
245.03075000000152 401190.4628296628
249.2702919999985 394367.0912857943
246.13587500000023 399389.15852880006
245.92737500000084 399727.7651583101
248.5629999999972 395489.2723373998
246.62466699999896 398597.5985119137
244.69229199999987 401745.3888576108
244.40595900000162 402216.0523508322
245.6442910000014 400188.4171612986
245.2906249999991 400765.41857235826
243.98983400000063 402902.03238549584
244.4593750000017 402128.16546716326
248.65945799999878 395335.85728317837
244.2969159999997 402395.5832500158
246.4048750000032 398953.145711905
248.99133299999932 394808.9229274509
247.93654200000148 396488.54988063604
243.46641599999685 403768.21417538455
248.49691700000065 395594.44514154573
243.00970899999896 404527.0471065846
248.69137499999994 395285.119960433
249.06620800000212 394690.2343331905
297.8649169999983 330028.79624121886
248.58658300000158 395451.75292103103
248.74629199999987 395197.85082866705
245.76729099999994 399988.1334900665
245.03500000000145 401183.50439732865
248.7847919999986 395136.6930821099
245.20579200000014 400904.06999847677
249.23704200000074 394419.70267003775
242.87783299999788 404746.694195023
246.25445799999923 399196.8340325449
244.97041699999755 401289.2707775445
249.4586250000026 394069.35719299736
250.34383299999874 392675.94021379587
248.5602089999972 395493.71315503324
244.8268750000011 401524.54668222007
245.17016700000127 400962.3242619054
243.4785419999983 403748.1052437085
245.90399999999946 399765.7622486833
246.99983300000028 397992.17192183237
249.1301660000005 394588.9073906843
249.9249999999975 393334.0002000639
242.9968339999995 404548.48066045257
247.94854100000308 396469.36256825476
250.60791699999996 392262.14868543047
245.03358300000144 401185.8243937094
245.47095900000215 400470.99828211917
251.58404200000106 390740.2044204361
248.23183300000196 396016.8960279934
251.03012499999977 391602.4023013178
244.15570800000097 402628.3096359132
245.18954200000564 400930.6400188868
249.06362500000512 394694.3276040328
243.65362500000032 403457.9826177422
243.78937499999864 403233.3238476884
245.7476670000034 400020.07424957014
244.6351660000019 401839.2024636361
249.22591699999685 394437.3088614265
247.04087500000327 397926.0517110729
249.87420799999427 393413.9533120691
245.01741699999968 401212.29422641464
244.47358399999786 402104.7934569522
243.95770900000002 402955.0875967604
249.02491699999985 394755.67820388055
247.69662500000322 396872.5855671175
245.079582999999 401110.5241679818
246.10808299999576 399434.25994668243
245.9657919999998 399665.3323239359
248.36962500000226 395797.1913836046
250.46820899999744 392480.9475521143
232.19466600000516 423368.89857753157
249.13474999999607 394581.647080552
246.0303750000037 399560.4201310449
251.6608749999989 390620.9099845196
238.387000000003 412371.47998841695
245.68112499999728 400128.4184936921
250.58562499999937 392297.0441740233
248.1375409999984 396167.3820246354
249.3918750000006 394174.83027464215
250.0659999999968 393112.21837435424
243.95150000000143 402965.3435211484
244.94204199999814 401335.7576238413
250.0107080000049 393199.15849363565
244.71512499999903 401707.9042417194
243.3725840000065 403923.88651302387
232.53095899999465 422756.6102284138
249.73466699999847 393633.77612288244
241.8827090000022 406411.8531101746
245.05333399999785 401153.4893053153
249.3142089999978 394297.6230448256
246.6197500000007 398605.5455818106
248.42075000000108 395715.73630624486
244.80658300000613 401557.8290229129
244.20720799999884 402543.40076645266
249.17633400000483 394515.7969937791
249.45933299999723 394068.2387698082
249.13316600000002 394584.15584860346
245.5076250000019 400411.1888581841
244.11095800000027 402702.1187635497
250.20691699999986 392890.8168434051
235.14508299999903 418056.7960249477
243.9941250000004 402894.9467533279
246.15225000000152 399362.5896167896
249.192708999999 394489.8724946258
245.7244160000016 400057.9250537291
245.01020900000015 401224.0975640323
249.42029200000349 394129.9210731364
243.28537499999925 404068.67860429466
242.71958300000307 405010.5837566421
244.34400000000522 402318.0434141943
247.8711250000032 396593.18930350896
250.2236670000002 392864.51668858295
247.72416700000122 396828.46122962044
246.79379100000176 398324.44569077226
249.0076249999973 394783.09148164064
241.82954199999784 406501.2040588526
246.5709579999995 398684.422518244
243.95850000000507 402953.78107341187
244.20545800000326 402546.28543150204
247.83929200000188 396644.1285669879
244.21979199999555 402522.6587696127
249.61370799999827 393824.52505373093
310.1555830000038 316950.60604470497
245.87320900000265 399815.82539966336
246.62979200000024 398589.3156006064
240.91399999999652 408046.02472252096
242.75854199999714 404945.58580765064
248.78912500000183 395129.81124074163
241.75466700000214 406627.10350075323
251.8132079999944 390384.60603703593
243.61762499999884 403517.6026365107
249.34429199999641 394250.0516514788
244.84429199999624 401495.9842314866
245.15433399999864 400988.2199349596
242.80695800000274 404864.83916988445
251.5127499999963 390850.96083598724
244.049583000006 402803.3926204151
244.08520899999786 402744.6005546402
244.30870799999838 402376.1609021347
248.6399590000019 395366.8605616173
236.48716699999994 415684.28954117425
243.42304099999978 403840.1607183935
243.555458000003 403620.59962539945
244.33216700000315 402337.5276657647
247.3415420000009 397442.335020292
248.827624999997 395068.6745493037
250.4252909999991 392548.2111149882
244.44841599999734 402146.1934938497
243.42920899999854 403829.92823182774
244.8620829999939 401466.81264653965
242.76612500000283 404932.936998516
244.4948329999974 402069.8466049016
248.53904199999732 395527.3956515897
235.06224999999858 418204.11401660874
250.68766599999748 392137.36187563767
247.68133399999215 396897.08712568186
243.6651250000068 403438.94104664034
244.76870799999517 401619.96524491167
249.19599999999775 394484.6626751669
249.176709000011 394515.2032648271
246.2732909999943 399166.30667026853
247.36275000000774 397408.2597318995
244.5336669999989 402005.99453653325
247.44287499999018 397279.57412394235
243.94225000000347 402980.6234877255
243.79495799999518 403224.0896466856
295.4970409999902 332673.3819984453
241.35825000000466 407294.96505712194
245.19949999999824 400914.35749257525
243.86450000000082 403109.1036210669
249.01099999999587 394777.7407423834
243.94595900000127 402974.49649493676
247.9541249999926 396460.43396133435
244.3020829999938 402387.0725654128
247.19712499999957 397674.52797034016
248.2882910000086 395926.8461838041
244.8713339999955 401451.6456221936
244.16245800000524 402617.1787638126
248.39816700000483 395751.71261226776
243.97279100000446 402930.17757049063
250.6425830000012 392207.89549555327
249.94087500000717 393309.01758264704
252.14379199999826 389872.7754518766
244.29062499999077 402405.94578692375
244.69504200000358 401740.873850638
244.72395799999447 401693.4051058549
245.76158300000372 399997.42351919384
248.72458299999778 395232.3442029889
245.35245799999927 400664.4188581974
245.79320899999857 399945.95619605004
243.51329200000293 403690.48930601624
246.8432089999908 398244.70115361235
244.38166700001318 402256.03338729456
247.8867079999958 396568.2581092717
246.10758299999702 399435.0714500381
240.74454200000162 408333.24478857487
248.1278340000017 396182.8804744224
248.59720900001037 395434.84979349026
247.34637499999224 397434.5692351589
247.3417500000039 397442.0007944411
244.6434590000024 401825.58079347236
243.60183400000324 403543.7598552673
246.1372080000075 399386.9955654856
247.8630829999986 396606.05690118263
247.56125000000395 397089.6091371264
243.71662499999047 403353.68996679585
247.7968749999917 396712.02471783914
246.8987920000103 398155.04646128806
244.62045900000362 401863.36172314413
246.17337499999792 399328.3189134521
246.7509579999927 398393.59002611414
249.41016699999352 394145.92108429386
232.39700000000596 423000.29690571513
249.8686670000012 393422.6775220261
245.81070799999338 399917.4844734699
247.1252499999963 397790.1893877759
245.06104200000323 401140.87166902155
249.9111670000076 393355.77189312637
245.18433400000106 400939.1562513108
246.4277079999988 398916.1803184911
248.55341699999656 395504.5204629046
248.8486670000043 395035.268563437
244.5354170000087 402003.11760973465
250.54974999999047 392353.2152796151
246.24587499999961 399210.7482003512
248.08983399999818 396243.56393418653
247.07600000000696 397869.48145508766
247.6832910000013 396893.95115474093
243.17229199999701 404256.5836407102
248.89754100000516 394957.69867809967
243.48812499999894 403732.2148667432
244.91679199999794 401377.133830827
251.9294999999886 390204.4024221239
248.9383749999945 394892.9127540186
235.22158299999774 417920.83339563676
243.96366700000272 402945.24676085846
245.88408400001072 399798.1422823436
250.03958300000306 393153.7511802633
249.48658399999601 394025.1953588076
249.62024999999244 393814.203775547
248.1963339999993 396073.53749229945
247.52216699999963 397152.3083829504
244.8340420000079 401512.7928982883
247.76074999999764 396769.86770503776
243.87854100000084 403085.89512186585
248.95758299999216 394862.44530259236
243.6636250000106 403441.42462788906
244.25683399999798 402461.6154649774
244.83029200000317 401518.9427621919
244.66766700000164 401785.8232162705
247.6390000000066 396964.9368637306
242.41483400000163 405519.7381196538
243.1387080000036 404312.4223560427
244.74141700000018 401664.749697841
243.87504099999546 403091.6800543022
245.25195800001143 400828.60418996296
244.69191699999726 401746.0045482463
244.301667000002 402387.7577552477
245.85408300001177 399846.92871663754
248.6607499999991 395333.8031836563
245.6566249999952 400168.3243836877
245.2489159999942 400833.57595758885
244.28491700000166 402415.3484678685
250.5561250000028 392343.2324793453
244.76120899998932 401632.27008739073
247.80524999999898 396698.6171600497
242.62083399999312 405175.4269379965
248.889915999996 394969.79861571244
244.66266700000006 401794.0342324478
234.59941700001252 419029.1743137399
243.48966699999153 403729.6580639022
249.2992909999998 394321.21770454646
243.98154099999658 402915.7271369205
247.0537500000063 397905.3141269764
250.52637500000685 392389.8232271844
236.31774999999777 415982.29502439377
247.74116700000093 396801.2308588166
243.62054099999852 403512.7727591763
249.32620799999938 394278.64719299885
243.64345899999762 403474.8168634437
300.6075419999945 327017.743287365
244.86662500000023 401459.3658894915
248.0176250000028 396358.9281205273
243.41124999999408 403859.72299966577
248.47312500000385 395632.3244213976
241.6742089999957 406762.4774971406
245.96616700000595 399664.72299418977
246.6602920000014 398540.02929664677
243.5371669999995 403650.9137843432
246.60162499999672 398634.8427347196
231.33591699999556 424940.498971467
245.03029100000617 401191.2143547898
246.36354199999744 399020.0790342632
245.44749999999738 400509.27387731004
243.4616249999948 403776.1597952125
252.02775000001054 390052.2859089759
248.72137500000235 395237.4418965763
244.22487500000045 402514.2811517452
242.81662500000323 404848.72071670834
245.36333300000024 400646.6605994462
249.98912499999904 393233.1056400969
247.25020800001118 397589.1498542058
245.68404100000407 400123.66940837796
244.5207499999924 402027.23081784695
244.54516599999465 401987.0914152609
249.77283300000863 393573.6277611769
255.98683299999436 384019.7515158999
249.2959580000047 394326.4896416738
244.24645800000633 402478.7127107385
243.88929200000575 403068.1265005996
260.4735839999961 377404.8734247135
246.08179199999825 399476.9348883834
244.7552499999972 401642.0485362464
249.07908400000167 394669.83104851685
244.45137499999703 402141.32565219235
243.03625000000295 404482.87035369745
243.8893329999985 403068.0587412185
246.1017920000046 399444.47052217385
244.0601250000043 402785.99382016325
250.59962500000665 392275.1281052292
250.02920800000084 393170.0651549465
243.89899999999898 403052.0830343725
248.3251670000044 395868.0515052196
245.5632080000072 400320.5561640859
251.46133299999462 390930.8792219045
252.66512500000715 389068.33699347
245.8090830000117 399920.1282565922
244.66654199999027 401787.6706656683
250.28904100000204 392761.90282737627
247.09383299999388 397840.76683128887
244.85349999999073 401480.88550910534
240.78204100000278 408269.65163900604
241.7007500000068 406717.8111776535
246.4617500000088 398861.08087764727
252.43266700000788 389426.6188614841
250.188124999994 392920.3274536006
249.16695800000355 394530.64238155767
247.80029200000797 396706.5543247901
254.19804199999874 386722.0975683223
246.07462499999144 399488.56977838906
250.6781249999932 392152.28692173545
231.99462499999868 423733.9550431419
251.22512500000482 391298.44198504474
245.01783300000568 401211.6130338877
245.9807080000047 399641.0970570835
245.7076670000049 400085.1955506868
241.98762499999305 406235.6494469617
296.699665999995 331324.9432508686
244.44129200000475 402157.9136474131
245.63237499999957 400207.8309099123
245.1259579999885 401034.6386897328
244.97762499998998 401277.46360511094
244.51500000000692 402036.68486594775
245.96862500000327 399660.72908688535
244.56966700000748 401946.8203307362
248.0584579999885 396293.683322036
242.41737500000227 405515.48749341536
245.28716700000075 400771.06846767775
245.44050000000084 400520.69646207395
250.0006669999948 393214.95090251917
242.87091699999053 404758.2197748437
243.0324169999949 404489.24967899267
246.12445900000068 399407.68341109785
247.05095800000265 397909.81097915414
247.11325000001239 397809.50637003506
242.51841700001364 405346.53498086485
250.8109579999882 391944.5975721867
250.52962500001286 392384.73294323956
243.41970800000468 403845.6902593857
247.5684589999787 397078.04619815666
248.79225000000815 395124.848141358
247.81491699999947 396683.14236305724
250.08304199999998 393085.429599021
242.49075000000175 405392.7830236794
253.40937499998972 387925.6637604824
246.0518340000135 399525.57313592144
244.4017499999802 402222.97917264485
245.42741700000192 400542.04701995145
249.6651669999892 393743.3530725744
247.54987500000425 397107.85553819535
244.93995800000334 401339.17227175593
244.25087500000586 402471.4343397854
242.43483300000435 405486.2858754222
247.88745900002596 396567.056665782
245.24962499998537 400832.4171749737
246.6751249999959 398516.06439847406
234.1845830000011 419771.4415726484
245.23570800002403 400855.16420793976
248.81041699998718 395095.99793004274
249.21499999999241 394454.587404462
248.60079199999063 395429.15052339697
242.28445899998974 405737.95119068766
244.73824999998328 401669.9473825882
243.41425000000072 403854.74556234776
249.2510000000152 394397.6152552808
245.29429099999334 400759.4290076758
247.80137499999455 396704.82054428535
302.299832999978 325187.0800736008
246.14437500000008 399375.3665912535
244.95658299997558 401311.93371524866
245.19824999998718 400916.4013201772
244.92858299998943 401357.81130944705
247.52429199998005 397148.89882407145
241.6786249999916 406755.0450520952
244.22962500000267 402506.45268770703
252.4546250000128 389392.74731051177
248.69016699997815 395287.0400380914
245.44766699997922 400509.00137506024
243.45074999999383 403794.1965674885
242.26024999998685 405778.4964723075
241.97579200000519 406255.515014485
244.61645799999587 401869.934687721
243.66624999998976 403437.0783807939
248.24491600000442 395996.025151219
244.86275000001 401465.71906096773
245.45004200001586 400505.1260084675
243.24708400001782 404132.28550765605
247.53624999999602 397129.7133248224
247.45179099997472 397265.2596400486
247.17837500000428 397704.6940291532
243.80029200000308 403215.26768310333
244.25045899999986 402472.11981697875
244.4427500000188 402155.5149416067
248.6334159999899 395377.2649771421
244.95287499999563 401318.00861697074
246.0768329999894 399484.9852444429
245.05187500000147 401155.87770956417
247.80874999999014 396693.014270093
243.3742919999986 403921.0517764981
242.90141699998458 404707.39616972365
247.93266700001482 396494.74669666716
248.4314589999883 395698.67840290157
241.65383300001508 406796.77528638195
249.8655420000091 393427.5979518473
302.48020799999153 324993.16451145377
243.6987080000108 403383.34497856937
249.0510830000119 394714.2040735286
244.6436249999806 401825.30813957565
242.2862079999959 405735.02227581054
246.411916999989 398941.7443637858
249.89258300001893 393385.0249568734
245.29895899999588 400751.8026197643
245.16429199999834 400971.93273154425
247.22866599998383 397623.7933509152
248.55212500000334 395506.5763368496
249.31879199999685 394290.37503118196
242.19145799997932 405893.75369303237
244.94633399999088 401328.7253362349
249.99700000000757 393220.71864861186
243.65925000000743 403448.66858121334
245.84008299999027 399869.6990352216
233.7772090000101 420502.9242178854
251.52624999998352 390829.98295409104
248.06050000000823 396290.42108677817
245.38141699997595 400617.1339372844
248.91183299999398 394935.0210281179
245.2627079999843 400811.0356508267
243.91841700000327 403019.9982808132
249.55329100001222 393919.8702051787
244.45412499997587 402136.8017414707
233.88437500000236 420310.24945552263
243.8843329999827 403076.3222498879
241.61699999999087 406858.78890973615
246.14666700000498 399371.64779890364
245.1767089999919 400951.62546619895
244.3275840000183 402345.0745536478
248.67579200000023 395309.8900756689
249.87325000000737 393415.4616390394
246.88454200000365 398178.02768712246
245.2925420000156 400762.28652721836
245.1312919999964 401025.9122690931
261.6112499999872 375763.6569528444
313.6353330000077 313434.0734498737
630.1380419999987 156003.91255222805
578.1627500000184 170028.24896622426
632.4682919999987 155429.13572653887
465.666624999983 211103.81273299022
241.30462499999794 407385.47800317063
243.655375000003 403455.0848714041
246.12974999999437 399399.09742728074
244.23258299998452 402501.57776862325
242.8017910000051 404873.45499028027
249.53216700001235 393953.21726194577
248.8963330000047 394959.615576169
249.96604200001116 393269.41857164586
248.48262500000828 395617.1985868095
245.82604199997604 399892.53864328004
246.8694169999992 398202.42294330173
249.16058400000907 394540.7352231781
244.5964169999968 401902.8618886158
241.8205409999814 406516.3347724359
245.51066600000127 400406.22919413
249.01766600001451 394767.17286392953
250.75833400001102 392026.850840362
246.6800830000011 398508.0546612252
244.4304999999929 402175.66956661653
245.40995899999984 400570.5408230807
245.0617080000086 401139.7814953471
246.33583400000703 399064.961048246
248.8617500000032 395014.50102315337
248.4661249999931 395643.47051334556
247.48229200000083 397216.2986109716
248.4130420000099 395728.01495662244
246.610832999977 398619.9584347099
306.0205000000167 321233.381423776
248.30179099998873 395905.3199096919
231.1711660000242 425243.3454438246
250.83150000000387 391912.49902822607
244.37083300000495 402273.8671108021
249.1312920000155 394587.1239651175
248.94400000002292 394883.9899736123
245.0053329999946 401232.0825685952
249.25579199998538 394390.03287035256
241.28312499999538 407421.7788749291
243.8585840000087 403118.88303262065
244.20058300000846 402554.3215021587
249.85041600001523 393451.4161465075
249.51429200001485 393981.4397485261
250.9707909999861 391694.98413863406
244.21449999999822 402531.38122429553
247.487542000016 397207.87238653674
248.54849999999828 395512.3446731752
249.2893750000178 394336.90264574246
246.90916599999468 398138.31779741263
244.47925000001192 402095.47436027887
244.77416699997434 401611.0082401396
246.18383300000346 399311.3552667718
243.39616700001443 403884.74975447817
245.62429100001282 400221.0025717484
244.64762499999892 401818.7382771463
246.06549999998606 399503.38426153024
251.0144170000217 391626.9080273246
244.8593749999759 401471.2526322902
245.42629100000113 400543.88468104077
251.47295900001154 390912.8058575693
249.2177500000139 394450.2347846191
245.83870800000795 399871.9355456295
250.73387500000877 392065.0929197204
247.20220900002232 397666.3493326272
248.40324999999552 395743.6144655989
242.08904099998563 406065.4691097968
246.7404159999944 398410.6114176375
249.65195800001538 393764.1858991306
249.72425000001408 393650.1961663493
244.48970800000325 402078.27480410214
247.946958 396471.8937991568
246.26466600000185 399180.28678949527
243.52399999997942 403672.73862127884
244.79645799999616 401574.4378131547
243.72045799998432 403347.3464094931
249.29570800000533 394326.8850821848
249.6235419999948 393809.01020946994
235.44241700000157 417528.84315658105
247.96737500000177 396439.2493165655
232.07937500001208 423579.2172397693
247.9248750000238 396507.2080806356
248.71854200000598 395241.9438032796
249.25104099997952 394397.55037977186
245.29845899999714 400752.6194854781
248.4129590000066 395728.14717768965
243.6626249999847 403443.0803657564
249.73137499998188 393638.9650679941
244.97120899999913 401287.97339609143
245.6646249999892 400155.2930138164
250.0159169999847 393190.96631758055
241.8149589999814 406525.7187005026
243.41658299999835 403850.8748600775
248.8902499999881 394969.2685832599
247.82879200000707 396660.9335689987
247.5360840000178 397129.97964366653
237.56133300000215 413804.71627509815
300.33441699998775 327315.1341825869
244.59387500002094 401907.0387596238
249.5282090000046 393959.46612191724
242.4415829999873 405474.99642421136
243.0872500000021 404398.00935671927
246.96816700000568 398043.2020617367
248.95583299999657 394865.22093258746
245.23337499999798 400858.97769828764
245.16904099999692 400964.16578144237
245.46541699999125 400480.03992352006
244.99349999999254 401251.46177348786
249.93808400000717 393313.409572257
244.8858330000121 401427.87680165697
241.341833000007 407322.6708276354
249.5846669999935 393870.3494153452
246.01249999997776 399589.4517555364
244.09041699999534 402736.00745252473
251.19170799999324 391350.4979232939
242.88008299998864 404742.94469013583
235.24204099999224 417884.4885978661
245.52116599997476 400389.10535318207
246.71733399998175 398447.88530345936
246.23850000000402 399222.7048166651
243.9672499999972 402939.3289468202
244.23049999998625 402505.0106354675
255.9993749999876 384000.9375023074
243.35041700001625 403960.6802892531
243.92258399998923 403013.11337372655
249.17716699999914 394514.4781263218
245.77995800001418 399967.51891378517
244.42570900001215 402183.5526310987
249.95350000000371 393289.15178222564
248.06458300000145 396283.8983749624
243.51108300001556 403694.15136638243
243.45387500000015 403789.0134219467
243.32858299999316 403996.9278907228
244.91133300000456 401386.08040648804
246.95583400000487 398063.0803805917
249.30654199999935 394309.7489996883
244.65916699998047 401799.78214349045
250.3851250000082 392611.18247338687
244.36624999998457 402281.4116106713
247.24162500001512 397602.95217277424
246.65558300000612 398547.63798311254
249.23987500000067 394415.2194748121
246.27666599999998 399160.83645537094
243.97245800000178 402930.72753318446
249.56133399999203 393907.17473886855
246.65820799998528 398543.3965368218
248.56566699997984 395485.0289119292
250.2925839999932 392756.3431124378
244.34945800001628 402309.056891763
246.95404100000928 398065.9705017595
247.11220800000433 397811.1838165368
247.53200000000675 397136.5318423368
246.09887500000127 399449.2051213135
248.81824999999935 395083.55998806463
245.32270800000333 400713.00696712785
251.8672080000215 390300.9080880097
255.10608300001536 385345.5740606314
245.84662500001286 399859.0584678348
244.9329579999926 401350.64224391954
245.3614590000086 400649.72062297916
243.26887500001249 404096.0850416847
248.88845800001036 394972.1123668817
251.29249999997683 391193.5294527655
249.06654199998002 394689.7050508209
245.4035830000123 400580.9483229716
248.83291699998722 395060.2725121172
242.1047910000027 406039.05273398285
250.22708299999863 392859.15345942206
247.9117500000143 396528.20005503704
246.83533300000704 398257.4083103297
248.76716599999327 395164.6898610513
248.93791700000634 394893.6392843582
248.36937500001 395797.58977931977
248.3777909999958 395784.1786265088
247.58308400001283 397054.5903693279
248.34904200000096 395829.99478612695
242.09608399999638 406053.65595257404
246.08829199999604 399466.3833905661
248.42166700000234 395714.27559899224
248.7853750000113 395135.7671245568
245.26925000000688 400800.3449270434
248.8381670000024 395051.9375108524
250.78533300001027 391984.6460877199
247.0537079999815 397905.38177232037
248.99099999998953 394809.45094402664
249.61200000001327 393827.2198451788
249.07070799997655 394683.10340214416
249.85787500000356 393439.67045264674
248.90629200001513 394943.8128305492
248.35345799999686 395822.95648970286
248.65645799999925 395340.62694643665
247.7897500000097 396723.43186106835
250.74620800000957 392045.80912344746
248.75712500002578 395180.64055447583
249.34866600000305 394243.1358345378
248.71958400001404 395240.28795414214
241.81666699999482 406522.84732715343
246.70320799998535 398470.7000648562
245.65762500000687 400166.6954160175
248.17087499999957 396114.1693198292
248.29008300000055 395923.9886355017
249.89233399998056 393385.41693723045
250.24874999999724 392825.13898671255
246.51208299999894 398779.6411586057
246.45237500001826 398876.2534749065
247.0624999999984 397891.22185682016
248.25520800001755 395979.6082102457
247.16645800000947 397723.86915054725
248.2918750000067 395921.1311284243
249.25079099998015 394397.94596281875
254.24033299998428 386657.7692061396
249.25024999998868 394398.80200723757
249.16979200000355 394526.1550806231
246.57895800001484 398671.4876132865
251.1157919999789 391468.8089389785
248.97550000000024 394834.02985434275
248.32570800001008 395867.1890708795
250.43024999999375 392540.43790637294
247.56283299998927 397087.07001266326
249.6352500000114 393790.5403984233
249.7963749999883 393536.5355081898
246.87004200001184 398201.4148156352
246.36637500000802 399015.4906488225
249.120750000003 394603.82164070563
249.77279099999805 393573.6939417103
245.25129200000606 400829.6926729241
244.5906670000113 401912.3100882482
249.77150000000847 393575.7282155757
246.585084000003 398661.5832772707
289.4615829999907 339609.8334748731
245.3330419999986 400696.1280005673
249.4316670000103 394111.9473013663
243.27779099999702 404081.27513785753
244.72745799999984 401687.66023794544
245.570167000011 400309.2118270034
245.86049999999204 399836.4926452325
245.61966599998186 400228.53870344104
252.2730000000024 389673.09224530193
249.71545799999717 393664.0558311016
248.6794170000053 395304.12764317327
250.2892910000014 392761.51051943906
250.21187499999087 392883.0316307073
246.0152090000065 399585.0516705144
244.7775409999906 401605.4724563304
244.50100000001385 402059.70527725626
243.95858299999418 402953.6439798158
248.62379099999998 395392.57126040687
248.66695800000116 395323.93362852634
250.66716700001734 392169.429991576
247.49804100000006 397191.02261500317
319.2711670000108 307901.27691047237
246.5504170000088 398717.63834817
246.16120900000737 399348.05487568537
249.87866699999017 393406.9329736094
252.31362499999932 389610.3510066104
250.58604099999116 392296.3929184047
244.75799999999026 401637.53585175524
249.2822909999859 394348.10874714545
236.78600000002348 415159.6800486104
248.90066599999727 394952.7399014717
245.63362500001062 400205.7943003355
246.52654199999802 398756.25237951375
247.07699999999022 397867.8711494955
250.2018749999877 392898.7342720946
535.405666999992 183606.57359273237
242.52150000000938 405341.38210425136
250.50116599999228 392429.31108753016
247.5347499999998 397132.1198336802
243.26250000001437 404106.67488821415
244.86558299997796 401461.074258071
246.52479200000244 398759.08302155277
247.47512499999402 397227.8021882093
251.0298750000004 391602.7922971313
248.1748330000073 396107.8519190425
247.2211669999922 397635.85453830945
245.2233749999948 400875.3243853775
248.17108300001678 396113.8373240421
242.53179100000466 405324.1828408306
249.19220900000028 394490.6640319557
249.00729200001592 394783.61942907964
249.27179099998398 394364.7197528513
249.31483299999968 394296.6361732682
248.3450830000038 395836.3049209172
245.74141700000496 400030.2480554103
245.06329199999755 401137.1886736957
248.3600420000016 395812.46326250565
249.24304200001757 394410.2078484224
246.53395800001476 398744.2573732342
249.56862499999488 393895.6669733706
247.7978750000034 396710.4237677529
244.4139590000134 402202.8872745137
249.90979200001107 393357.93613079254
245.61375000001817 400238.1788478565
248.48095900000544 395619.8510969118
246.1701670000025 399333.52281472436
248.59762500000215 395434.18807802023
243.34108299999002 403976.17528481217
249.50212499999225 394000.6522990658
247.81020900002204 396690.6787120754
249.3810410000208 394191.9546321559
243.815125000026 403190.73724400613
247.30891699999802 397494.76562545775
249.4509590000007 394081.46753206
246.02225000001 399573.61580099363
249.57775000001448 393881.26545733464
245.73412499995584 400042.11869237805
245.10841700003994 401063.33843273926
249.2483749999792 394401.7689182856
246.53000000000702 398750.6591489766
246.215583000037 399259.8632556301
248.43912500000442 395686.4684658596
249.3947919999755 394170.2198817755
246.07654199996887 399485.4576589931
245.5983330000322 400263.3030900381
248.8923340000042 394965.9614666892
240.98137499998984 407931.94079834654
249.8536250000143 393446.3628454235
249.60579100002178 393837.016385535
243.14445799996065 404302.86097664584
245.76974999996537 399984.13148898043
250.9609580000074 391710.3312938306
244.57958300001792 401930.5241844034
241.32445800000824 407351.9974506548
236.32700000001705 415966.01319355343
238.48687499997823 412198.7845243432
247.93758300000945 396486.88516898325
249.9580840000135 393281.93922303664
247.98954100003812 396403.81446564675
250.46137499998622 392491.65664767835
234.75408299998435 418753.1000259815
243.73316700001624 403326.3146332212
234.84999999999445 418582.0736640508
249.04866700001094 394718.03316255327
233.05483299998286 421806.31370990374
240.8984169999826 408072.42000268976
250.67154199996367 392162.58541232516
243.86929100000998 403101.18423231883
247.04841700003044 397913.90365390555
243.47641600002135 403751.63071232074
284.5097920000512 345520.62095628085
249.1357089999724 394580.12821442186
243.90724999994973 403038.4500666555
242.03966699997181 406148.3029556947
239.18512500000588 410995.458016035
246.46970800000645 398848.2024736177
250.08687500002225 393079.4049067599
246.34387499997956 399051.935023788
244.8286670000357 401521.6077616665
247.11270799997465 397810.3788980779
246.7182500000149 398446.40597115963
246.21191699998235 399265.8080803093
250.0934999999913 393068.992196932
247.68154200000936 396896.75381622213
245.6185409999989 400230.3718594291
246.3302919999819 399073.9393107496
247.46820800004343 397238.90512830135
243.07833299997128 404412.84415099066
248.7591670000029 395177.39661830774
249.7072909999929 393676.9311233399
248.63974999999527 395367.1928965576
246.8668749999665 398206.52325271803
243.984791999992 402910.358445633
244.08408300001838 402746.4584816561
245.0219589999847 401204.85690838075
246.53545899997198 398741.8296692614
243.5673340000335 403600.91965364484
249.07454200001666 394677.02805208176
249.17941699999346 394510.9158033008
248.59558399998605 395437.43464085634
248.3289589999913 395862.0065733189
248.09558300000845 396234.38197203475
249.8306670000261 393482.5183010448
249.85458300000118 393444.85428149835
244.37754200005202 402262.823316142
246.25670800003263 399193.186648085
244.82174999997142 401532.9520355584
249.07162499999913 394681.6503084217
247.95849999998154 396453.43878111587
248.03133300002855 396337.0224679988
245.27241700002378 400795.16972342826
250.449500000002 392510.2665407566
243.6107500000162 403528.99040782667
246.75762499998655 398382.8260626409
249.98291700001118 393242.8710718485
249.20283300002666 394473.84612994944
245.64374999999927 400189.2985268312
245.00145900003645 401238.42691069597
249.09995900003423 394636.7570457388
236.31241700002192 415991.68273917184
251.64979099997709 390638.1150144049
250.54583299998967 392359.34927724005
247.01262500002485 397971.5611701633
249.11104099999193 394619.2011617951
246.16704099997833 399338.59382909286
245.69754200001626 400101.68274289655
250.72858400000086 392073.36647344386
247.42741699998305 397304.3941205866
248.92987499998753 394906.3968316576
249.66349999999693 393745.98209190054
245.6340419999492 400205.1148920976
245.08612500000027 401099.8174621264
248.54399999998122 395519.5056006479
249.7160830000098 393663.0705519922
247.7737919999754 396748.98304018273
249.75208299997576 393606.3267989222
250.751833000038 392037.014540927
249.31624999999258 394294.3951708039
246.64024999998446 398572.4146809217
249.6733749999862 393730.4087790916
245.69341700004088 400108.40013667784
249.65087499998617 393765.8940710921
250.45470800000658 392502.1046120539
246.91412499998933 398130.32162499515
247.0394590000069 397928.33257458376
247.15220800004545 397746.8006273362
246.9759159999967 398030.71324574546
246.10404199995628 399440.81861125
236.28024999999298 416048.3155067041
248.4954170000151 395596.83307959774
248.9145840000333 394930.65621252166
246.20637499998566 399274.7953825555
236.9948749999935 414793.7798233092
244.7905829999968 401584.07564232685
249.84037499996248 393467.22882566426
245.4977079999594 400427.3636640887
247.4727499999858 397231.61438988993
247.95479200003 396459.36748013366
243.77283400002625 403260.68490465765
245.14479099997288 401003.8296102766
247.2430419999796 397600.67342970206
245.11695800003963 401049.36354499025
250.66491600000518 392172.95171853236
251.21141600004648 391319.7957531588
245.99637500000426 399615.6447427256
246.93866600000547 398090.7550541227
245.8751660000189 399812.6431361207
246.7880419999915 398333.7247758681
248.25500000002876 395979.939981022
248.16083400003208 396130.1967577498
242.3546250000186 405620.4827945514
249.28049999999757 394350.9420111118
230.5837079999833 426326.7377069291
250.7984590000092 391964.130848174
249.681374999966 393717.79332764965
244.47329200000922 402105.2737327082
248.4758749999969 395627.94577140023
234.86741700003222 418551.0329855014
245.21762500000932 400884.7243341349
246.1426250000045 399378.20602993167
248.65762499996436 395338.77153380716
247.79087500002106 396721.63068955485
244.0171659999919 402856.90392782964
244.0216670000268 402849.4731985795
250.18170799995687 392930.4056074993
249.6409579999863 393781.5364416499
244.77524999997513 401609.2313255118
247.01554099999612 397966.86314567365
249.07033299996328 394683.6976365808
243.03991599998653 404476.76915756275
242.61174999998047 405190.5977348909
243.15941599996904 404277.99020545644
234.44808299996112 419299.65364662977
251.38887500003193 391043.557516169
243.91300000002047 403028.9488464811
244.9885839999979 401259.5133820637
248.97929100001193 394828.0180458675
250.11795800003256 393030.55560683575
246.31954199998063 399091.3558941569
249.4927500000017 394015.4573629868
243.37174999999434 403925.2707021349
246.12483399999974 399407.07486673247
249.84333300000117 393462.57040206686
243.815541999993 403190.0476631749
