189.424125 259481.20388572468
186.51445900000002 263529.1669264097
188.98745800000006 260080.75096708263
181.62262500000003 270627.07633479027
190.18066699999991 258448.98314506398
185.3769999999999 265146.1616058088
188.32070900000008 261001.5662164907
187.218667 262537.92310143943
184.89966699999982 265830.6572288205
186.7185 263241.18927690614
191.26400000000032 256985.10958674876
188.19929199999973 261169.9516914233
188.86875000000015 260244.21721433516
189.1757909999998 259821.82889352922
188.12650000000008 261271.00647702464
189.1812500000003 259814.33149426765
190.63641600000025 257831.116590022
188.1804159999998 261196.14912531624
183.81804100000033 267394.8635977461
191.89833300000015 256135.6278170481
239.98479200000045 204812.97831572557
187.39874999999984 262285.63424249116
189.66858300000044 259146.76654699259
189.6167919999998 259217.54862301462
189.28254199999995 259675.29535819535
188.6219579999997 260584.71941002796
188.67749999999984 260508.00969908995
185.82512500000004 264506.75063450105
187.51191700000015 262127.3398852829
187.98370799999998 261469.46734341473
187.1027089999995 262700.632517299
188.0315829999999 261402.8942148513
186.0147080000001 264237.16989088827
188.60291700000076 260611.02755902658
188.69345800000127 260485.9782685188
185.08329199999986 265566.9210811316
187.96700000000044 261492.70882654874
188.8323750000005 260294.34836054925
188.68225000000115 260501.45151438308
188.08124999999976 261333.86501844318
187.40391699999924 262278.4026440611
187.74679199999866 261799.41332899232
189.41487500000065 259493.87554699613
189.27245899999969 259689.12888694534
189.12312500000007 259894.18269183094
187.24000000000098 262508.01110873604
189.763417 259017.25831591658
188.77262500000035 260376.73629849622
181.63637500000007 270606.5896767648
189.60295800000006 259236.46191216056
186.56895800000052 263452.18693883606
188.1505410000006 261237.6224844331
187.59308399999952 262013.92371160188
187.52824999999973 262104.50958722256
188.95312499999937 260128.00793847768
189.0642499999995 259975.1142799346
189.8711249999998 258870.32585918502
188.55258299999988 260680.59751798803
187.69241700000094 261875.25732592464
188.26691699999998 261076.14010591147
186.5723750000008 263447.3619151806
185.23575000000037 265348.34663395106
188.4586250000009 260810.5625306338
187.46754200000026 262189.38743006473
187.82704099999847 261687.55967358503
187.0432909999984 262784.0845678898
186.70687500000227 263257.57956154214
188.57516699999977 260649.37808062532
188.17341600000148 261205.86555116592
186.1680839999984 264019.4760773303
183.5203330000006 267828.63346264657
188.91054199999857 260186.6443218419
185.78170900000046 264568.5641744198
188.6282919999971 260575.9691658596
186.85845799999967 263044.02019629255
185.39691700000205 265117.6772265283
189.95958400000035 258749.77700519658
190.15795800000035 258479.84758018862
189.2159580000019 259766.67359102715
187.50270800000024 262140.21399626898
188.2757919999989 261063.83342156006
190.22212499999824 258392.6554284916
186.29679200000027 263837.0713329295
186.6852080000001 263288.13368009304
186.87574999999867 263019.68018857634
187.64858300000142 261936.4303965974
190.53012499999866 257974.95277977877
186.59791700000028 263411.30056666135
187.38349999999926 262306.9800702847
185.8680839999991 264445.6161715221
189.14858400000156 259859.20148363148
189.6047079999974 259234.06922997226
186.55700000000053 263469.0737951396
185.81737500000273 264517.78258087696
188.69408300000146 260485.11547656544
188.35999999999942 260947.1225313238
186.96933299999685 262888.0320175332
186.6695000000007 263310.28904025466
188.92070900000135 260172.64205799508
187.25070800000054 262492.999492423
185.66674999999933 264732.37669103476
188.00141699999884 261444.83793970715
187.44158299999825 262225.6983393085
184.75058399999966 266045.16714274685
187.53108299999965 262100.5500192205
187.85333299999962 261650.93381654346
189.7893749999966 258981.83183331985
187.256332999997 262485.11445538554
188.5128750000007 260735.506792307
188.10808299999948 261296.58660122615
189.3757909999998 259547.43074842155
188.86333300000047 260251.68156912638
186.33554199999836 263782.2042560213
188.7919999999994 260350.01483113773
189.0288749999982 260023.76621032352
188.08220800000086 261332.53390985166
187.8931659999985 261595.4643076289
189.7023339999997 259100.66030078512
186.17766699999905 264005.88637734007
267.4121249999999 183806.17558010886
185.6255830000002 264791.08755176247
187.76983299999728 261767.28825231854
190.20749999999964 258412.5231654908
187.93099999999896 261542.80028308407
189.18729199999973 259806.03390633696
190.5867499999978 257898.3061519259
189.18079199999838 259814.9604955688
189.71362499999955 259085.23966056795
189.06841699999788 259969.38452179747
188.31179200000037 261013.9252458492
190.32604199999525 258251.57442196598
185.7001659999966 264684.73916173505
191.36974999999978 256843.1008558043
189.30745800000182 259641.11778416848
186.48441699999552 263571.62057139166
184.04191699999473 267069.5937165304
189.76395899999687 259016.51851604134
186.27820899999392 263863.39155752567
188.63962500000042 260560.31440902138
186.1104580000017 264101.22530567064
193.5639579999986 253931.57128973544
184.64891700000408 266191.6506122747
189.58029200000226 259267.4559231052
189.34958399999857 259583.35350766004
190.70579099999918 257737.32272241387
185.25458299999542 265321.37129369273
187.80745800000176 261714.8462762301
188.1951670000035 261175.67620638784
190.34166700000554 258230.37475025668
189.51416699999868 259357.91913646404
190.80379199999697 257604.94319735942
186.81683300000174 263102.6295151869
190.37208299999975 258189.1169410594
190.00441700000437 258688.72301004914
239.20908299999866 205477.14737069694
186.2973749999952 263836.24567979696
189.80516700000294 258960.28425822168
187.03237500000114 262799.4217578625
188.017459000001 261422.5309788903
188.633375000002 260568.94756826293
189.23829100000233 259736.0171678965
188.99566700000037 260069.45439653864
187.30120800000094 262422.2263425004
186.57949999999346 263437.3015256324
186.69654199999997 263272.14994694444
188.79341600000288 260348.06213792568
188.58041699999717 260642.12171087065
189.23054100000058 259746.6547432206
187.9460420000001 261521.8680689215
187.3030829999962 262419.599361325
189.22783400000043 259750.37055066586
187.99070899999748 261459.72990612348
189.83966599999746 258913.22417308012
187.8003750000019 261724.71700335795
182.0772080000026 269951.4153358464
181.8901659999952 270229.0128208542
185.48754200000417 264988.14675111114
188.1347090000034 261259.60627498626
188.6610829999995 260530.6787091863
186.7850420000039 263147.40984451515
189.26495899999907 259699.41958458483
184.29795800000193 266698.5599482306
185.56279199999892 264880.68793446635
187.82695800000226 261687.67531229148
188.7559589999981 260399.72597633593
184.86783400000206 265876.43148347514
186.7649580000048 263175.70772563625
186.47941700000104 263578.6876146214
187.19699999999762 262568.3103895929
188.837625000005 260287.11174480562
187.99595900000554 261452.42834713566
184.54662500000296 266339.19747922354
186.3910420000039 263703.660179114
187.8693340000055 261628.64877137725
187.67220800000217 261903.45669082462
188.39416699999845 260899.79739128763
187.85762499999947 261644.9558542015
188.8874579999964 260218.44181947186
185.25445899999937 265321.5488864436
187.4427920000059 262224.00699194905
188.9832920000032 260086.48425914376
187.51762499999813 262119.36078008928
188.88483299999592 260222.058168117
188.37774999999368 260922.53464117524
186.05245799999892 264183.55623122316
188.7268750000004 260439.85521404885
188.38224999999653 260916.3018278044
188.69574999999372 260482.81426583076
186.95599999999502 262906.78020497505
187.1121669999951 262687.35373045667
185.81604099999538 264519.6815919742
185.35537500000032 265177.09561969765
185.07275000000334 265582.0481405237
189.96537499999988 258741.8891469039
187.54708299999834 262078.1897205004
190.97720799999962 257371.0261802555
190.4192920000014 258125.10635739384
226.796874999998 216722.56286600258
189.20666599999691 259779.4308156183
185.73058300000156 264641.3918810538
185.87929200000275 264429.6708425125
190.40645799999822 258142.50480937184
185.83104200000378 264498.32854082045
185.17441699999893 265436.23463926057
191.01933299999985 257314.26881278053
186.2863330000053 263851.88439990714
190.50758400000234 258005.47656937057
186.1502499999972 264044.7702863721
186.82462499999986 263091.65614543605
191.37237500000026 256839.57781262803
187.38749999999982 262301.38082849735
189.99158300000119 258706.19752665408
191.24258299999752 257013.88900400198
186.61070799999635 263393.24536511034
185.52775000000565 264930.7179114634
188.94904100000076 260133.63042154736
190.35916600000036 258206.63660608762
185.54904200000522 264900.3167582973
189.7567500000008 259026.35874613046
187.36024999999756 262339.53039665904
190.4037089999946 258146.23180476698
188.75112499999602 260406.39492877744
186.2794999999977 263861.56286655593
186.60262499999902 263404.65467728686
191.41650000000254 256780.3715980563
185.77499999999958 264578.1186919667
189.1316250000017 259882.50246355977
190.26833400000243 258329.9016009641
184.6115000000026 266245.6022512103
186.1269159999992 264077.8725415523
188.6903329999967 260490.29231402575
180.2248749999933 272725.94862391683
185.45766699999433 265030.83315504825
186.08933399999472 264131.20485455333
185.7096249999941 264671.2576152235
185.95362500000334 264323.9678710169
192.73591700000026 255022.52390248535
186.228916999994 263933.23223805026
191.67341599998622 256436.18726972307
185.84145900000237 264483.50257516745
184.6874589999885 266136.0996904671
189.81291600000816 258949.71235781387
189.00704200000007 260053.8026514376
188.68595799999355 260496.33221779906
188.18945799999653 261183.59934912456
189.09804099999405 259928.65785426908
186.7250829999989 263231.908698631
187.68595800000298 261884.26946676118
189.63937499999872 259186.67998141382
187.69849999999622 261866.7703790973
228.88050000000248 214749.61825056947
191.14704200001142 257142.35222116104
190.34683300000665 258223.36639558527
185.66908300000762 264729.0502317932
186.17729199999644 264006.4181404085
186.85033299999532 263055.4584026416
184.66358300000252 266170.50964509515
188.80154200000732 260336.85678265325
191.18254200000706 257094.6043807608
184.82395899999915 265939.54737221176
189.1309579999927 259883.41897999533
190.0392920000087 258641.24983162826
189.3615409999967 259566.96243827493
184.49808299999404 266409.2721223645
184.87979100000018 265859.2360697766
190.33254100000363 258242.75629251995
191.42808400000888 256764.83289671186
188.56883300000504 260658.13325576813
189.85337499999844 258894.52847493708
185.99479200000246 264265.4639491161
189.14470899999003 259864.52520859355
187.0974590000003 262708.003960652
186.80716699999778 263116.243286322
185.78600000000733 264562.45357560884
188.995165999998 260070.1438046332
186.89320800000075 262995.11109039234
188.73995899998874 260421.80076982497
189.4072919999985 259504.26449262782
188.77895800000033 260368.00139557882
187.3658330000012 262331.7133812742
185.93754100000126 264346.83246671344
187.63900000000433 261949.8078757554
186.57462500000577 263444.18486703903
184.80179199998759 265971.4468569834
185.43024999999602 265070.0195895818
185.01516599999945 265664.7077245556
189.16820900000175 259832.24274222285
192.03924999999344 255947.67736283952
185.72495799999444 264649.4070010853
186.58566699998858 263428.59443755134
191.00983300000962 257327.066507605
189.26295800000048 259702.16528053986
190.55295799999783 257944.04094215404
186.881458000002 263011.6466664096
190.6452079999923 257819.2261722203
189.82150000000786 258938.00228107968
188.56354100000772 260665.44857681682
190.48245799999108 258039.50933897705
188.95570800000883 260124.45202236337
190.10854100000074 258547.0370844612
185.286167000001 265276.14444093785
186.11087499999712 264100.63356050936
188.7412920000031 260419.96152065755
190.18779200000324 258439.3008779405
191.12995799999055 257165.33668679208
184.72416699999883 266083.21368151205
190.0483329999929 258628.9457219382
190.17445800000132 258457.4212379228
190.30762500000264 258276.5666903747
190.14241700000412 258500.97403568262
186.1514590000013 264043.0553917907
191.25220800000875 257000.95446740018
186.83679200000824 263074.52335189865
188.73016700000278 260435.31238966834
190.75916599999232 257665.2070286467
189.22541700000295 259753.6883747453
185.82179100000928 264511.49639386236
184.8035420000116 265968.9282362181
188.31779199999232 261005.60907172278
189.90700000000516 258821.42311762425
191.08341699998732 257227.9728491733
190.54041700000823 257961.01831769306
191.19799999999998 257073.81876379464
190.20429100000058 258416.8829293123
189.97674999999958 258726.3967827648
186.5769580000034 263440.8907020507
185.9076249999987 264389.3707963853
191.25091700000496 257002.68929951705
190.42545900001073 258116.74687887836
192.69745799999782 255073.42188188364
186.2526249999945 263899.6363138584
189.48949999999343 259391.68133327548
185.22624999999948 265361.9559862608
189.38700000001063 259532.06925500295
190.22462499999904 258389.25953987424
189.90679099999852 258821.70796093534
188.53958300000784 260698.5717158288
190.19049999999993 258435.62112723832
190.03241699999762 258650.6069646034
190.03975000001105 258640.6265004934
187.35474999999724 262347.2316554596
188.937542000005 260149.46251390682
193.66795899999545 253795.20832354698
186.46604200000638 263597.59381817264
187.74091699999929 261807.605850781
185.01637500000356 265662.9717234437
191.30954099999542 256923.93459875154
185.81395800001133 264522.6468939271
185.2542089999929 265321.9069370882
190.32412500000362 258254.17560700234
190.0936669999993 258567.26726198712
186.0445829999975 264194.7387417384
188.18416699998863 261190.942806591
190.80045799999823 257609.44452240496
191.0511670000119 257271.39368898456
189.09145800000715 259937.7069692812
189.76929199999404 259009.23949277075
189.92891699998893 258791.55621154237
188.73150000000294 260433.47294966254
189.35816700000885 259571.58742457462
190.7780840000015 257639.65634543018
182.21524999999872 269746.90647462464
186.01991599999224 264229.7720422691
186.36670899999785 263738.0906908678
185.10554099999865 265535.0009214492
189.06633399998896 259972.24868179267
190.18937500000277 258437.14981449035
186.6142500000052 263388.2460744484
189.33170799999743 259607.8624083435
183.5197500000021 267829.48429255944
187.20150000000046 262561.99870193284
189.97187499999768 258733.0361402213
189.86804200000051 258874.52929018918
187.38087499998812 262310.6547026377
191.59033399999714 256547.38928531087
189.2773750000032 259682.3841201262
190.23324999999147 258377.5444093091
189.72970800000155 259063.27753374077
190.89233399999728 257485.4577449962
189.24091699999224 259732.41294324322
186.46062499999516 263605.25177903526
187.2825420000055 262448.38133390225
187.9770000000036 261478.79793804057
190.72033300000157 257717.67082642202
190.430333000009 258110.14046799822
189.39299999999548 259523.8472382885
190.00420799999063 258689.0075613611
191.36308299999882 256852.04914889619
189.77358300000446 259003.3829945596
189.61433399999805 259220.908900276
188.30483300000367 261023.57128560287
187.66066700000295 261919.56357055486
189.0556670000052 259986.91697508676
188.55887500001245 260671.89889628242
190.23641600000474 258373.24437398344
187.71437499999877 261844.62431287067
187.89925000000096 261586.99409390803
189.0722500000095 259964.11424731833
189.40341699999408 259509.5736842041
189.15220799999588 259854.22279607263
189.1046249999988 259919.6079947823
190.2834999999925 258309.31215792193
188.8646250000079 260249.90121891777
190.00233300000957 258691.56038203766
187.70733299999165 261854.44763632215
185.82533400000045 264506.45314055984
188.54608399999506 260689.58292446577
189.92054200001007 258802.96824341093
188.11600000000794 261285.5897424883
187.48725000000377 262161.82700423105
189.96879199998773 258737.2351138769
184.56112500000188 266318.27260480507
187.2052500000052 262556.73919400567
185.24845800000378 265330.14380070573
187.35204200000055 262351.0236413642
187.19912500000646 262565.32983259566
190.27974999998776 258314.40287262917
190.3409159999967 258231.39361166494
188.95991700000536 260118.6578632896
188.5343339999963 260705.82984636084
190.7688329999928 257652.15012874693
189.36287500000049 259565.13387325723
183.76470900000186 267472.46665299323
189.9704589999942 258734.96468206932
189.41058400000088 259499.75424815633
276.9894999999991 177450.76979452345
250.26725000000738 196398.05048402678
321.9383749999878 152675.1820127124
537.2330419999969 91491.02187947756
446.46604100000786 110091.23983967044
457.15295799999467 107517.62433089314
405.76891700000317 121132.98466378
182.59774999999934 269181.8491739366
187.0077079999959 262834.08596185286
188.31245900000226 261013.00073830702
187.65679199999852 261924.97205217273
188.0478750000094 261380.24691849106
190.07620899999722 258591.01598559722
185.71287500000722 264666.62583301286
185.63045800000566 264784.1336468528
188.18720800000222 261186.72210705958
189.45858300000396 259434.01044015502
188.24374999999804 261108.27052691265
188.6207090000056 260586.44493801866
186.4309999999989 263647.14022882615
183.51762500000746 267832.585562275
189.683291999998 259126.67099852167
189.14187500000423 259868.41887867983
184.61104200000023 266246.26277771586
188.47424999999873 260788.94066431
188.83983300000295 260284.0683511896
187.39716599999667 262287.8512474456
188.61987500000055 260587.5971447858
185.84583399999133 264477.27636446396
188.51108300000874 260737.98536289626
189.07187499999623 259964.62985307034
189.37583299999972 259547.3731856803
188.79800000000557 260341.74090826465
188.07520800000077 261342.26048549576
188.74083300001132 260420.59483756253
188.4794999999997 260781.67652185028
189.06916699999954 259968.35327465172
187.9742090000036 261482.68031812308
190.015915999993 258673.0682076222
189.62945799999886 259200.23459646388
188.00524999998913 261439.50767333806
187.34454200000528 262361.52639023034
188.21454200001142 261148.7905116121
188.85087499999997 260268.8496942363
189.05854199999794 259982.96337226877
185.41712500000074 265088.78292660293
188.00204200000792 261443.96878411528
186.81737500000395 263101.86619418545
187.86858299999665 261629.6946254227
186.84479100001283 263063.26088585804
189.60108299999945 259239.02554923773
243.72420800000327 201670.57020449665
187.72512500000005 261829.62989104408
187.42812499999673 262244.52706871426
187.22891699999877 262523.55024838564
186.167791999992 264019.89018595713
189.38745900000242 259531.44025233143
178.66150000000403 275112.433288643
189.70195800000056 259101.1738529333
188.2631659999987 261081.34184889006
184.37570900000821 266586.0935075662
190.22829200000047 258384.2786119316
184.9802499999953 265714.8533424582
189.3324169999886 259606.8902453348
186.77895799999078 263155.9814141507
189.03925000000754 260009.49538256228
178.6056659999815 275198.4363139134
190.6768329999977 257776.4651671165
186.1165419999793 264092.59204915527
190.27370800000654 258322.60545423496
190.10279199997626 258554.8559434421
190.34037500000522 258232.12757670908
185.03762500000676 265632.4625869912
190.73329200000444 257700.1607039785
189.46029199997838 259431.67025207376
187.3155410000038 262402.14633338404
186.62574999999038 263372.01591957454
189.02524999998604 260028.75277246625
190.8110420000071 257595.15531600197
189.1099580000173 259912.2781254888
185.64587500000584 264762.14459383197
189.02554200002442 260028.35108915414
189.0915419999999 259937.59149735013
185.3141250000192 265236.1227186266
184.20983400000068 266826.1456660333
188.95025000000487 260131.96595399443
185.18133300000272 265426.32134524744
185.99075000000198 264271.20703583094
185.90787499999806 264389.01525823213
187.03800000000115 262791.51830109226
189.9950840000031 258701.43040121606
188.8441250000028 260278.15268279737
190.89650000000802 257479.838551246
189.32574999999474 259616.03215622474
183.92670899999075 267236.88075124787
188.88004100000444 260228.66015789803
189.94579200000317 258768.56487559978
188.19095800000696 261181.5175519654
186.26233300000195 263885.8818545964
188.53674999999726 260702.48903728698
189.24908299999288 259721.20562402857
185.60237500000198 264824.19742742775
186.09404200000768 264124.52258948714
189.61724999999774 259216.9225110088
187.46054099997878 262199.1792929135
190.17883400002233 258451.4741529766
189.0160000000094 260041.477970106
262.98424999998815 186900.92657640987
186.4819159999911 263575.1554590545
187.39625000000615 262289.1333204287
189.24087499999587 259732.47058808553
184.931167000002 265785.3773236583
187.02920800001266 262803.87178882066
188.5217500000067 260723.23219998888
187.28737500001102 262441.608784346
188.08087499999715 261334.38607195305
186.4237500000172 263657.3934383117
188.45887500000913 260810.21655253763
189.04541599999902 260001.01478260788
187.48066700001687 262171.03228033416
188.8280830000042 260300.26476516688
187.7297080000062 261823.23790754724
188.535083000005 260704.79413106738
189.03845799999885 260010.58472451303
185.9393329999932 264344.2848103677
187.95049999999947 261515.66502882482
190.14204100000143 258501.48521336023
188.51620800001 260730.89694227983
188.73020899999915 260435.25443242752
185.5378749999943 264916.26035924745
189.74558399997932 259041.60172710716
189.39499999999043 259521.1066818157
188.0341250000015 261399.36035546532
185.74370900000758 264622.6903975412
188.0521250000129 261374.33969436202
188.44191599998794 260833.68840297265
186.00691699998606 264248.23760722665
183.74895899998478 267495.3929943302
189.89687499998809 258835.22306516673
189.21420800000988 259769.07611503167
189.38850000000684 259530.01370198413
188.45237499999712 260819.2122810909
190.38049999997497 258177.70202308777
188.95795800000315 260121.35461370292
188.0170830000054 261423.05377644108
187.14349999999058 262643.37259911495
186.93224999998392 262940.1828737643
188.79545800001551 260345.24622936617
187.9876249999768 261464.01924066048
185.81350000002317 264523.29889913206
189.82204199997454 258937.26293391467
188.93879099999822 260147.74276818815
187.43987499999548 262228.0878068297
187.51695800000334 262120.29314169614
190.105458000005 258551.23002306808
187.99104199999306 261459.26676656122
225.41979199999673 218046.51474436952
190.26550000000952 258333.7494185627
186.89800000001355 262988.36798679724
189.53520799999524 259329.1268607004
189.24187499999334 259731.09809867255
189.65429199997175 259166.29400618744
189.42704200000549 259477.20811687794
188.91137500000355 260185.49703531127
185.29270799999153 265266.7799533819
188.89966699998695 260201.62333056625
190.84133300000872 257554.26891719393
188.82358299998714 260306.46818095463
185.44254199997567 265052.44950754853
189.8868749999849 258848.85408748713
190.30320900000675 258282.56001714748
188.2512090000148 261097.9247415943
188.74550000001022 260414.15556925774
187.07741699998337 262736.14842567756
185.7886249999865 264558.7155833872
189.22279199998115 259757.29181717653
189.10804200001508 259914.9114980318
191.13604099999293 257157.15227146418
190.99829199998908 257342.61539890006
189.71645900001022 259081.36942402742
183.788375000006 267438.0248478632
189.18529199999057 259808.78048385732
188.50391600000194 260747.89873330534
189.2031250000059 259784.29267486182
185.2737090000005 265293.9818892483
189.773042000013 259004.12135458435
189.25854200000458 259708.2249529261
188.59691700001235 260619.31860740215
188.95391600000266 260126.91898906877
186.69566700000928 263273.38384343736
190.8489589999931 257543.97748641518
190.429249999994 258111.60837949815
189.84762499999874 258902.3697294097
186.39825000002475 263693.4627873034
189.89662500001714 258835.56382318833
245.96900000000232 199830.05988559345
189.40266699999597 259510.6012947592
185.294166999995 265264.69125172903
190.2071250000006 258413.0326348177
190.40783399998418 258140.63931846461
185.07891699999846 265573.1987020456
189.8033329999862 258962.78649650255
185.16204100001232 265453.97606627556
187.165833999984 262612.0320656611
190.27329200000054 258323.17023242475
186.56658300000117 263455.5406956223
190.09899999997515 258560.01346670117
190.20687500000122 258413.37228215166
187.16379100001745 262614.8986263877
185.19729099998017 265403.4502049237
188.6557919999916 260537.98549690002
188.1727079999962 261206.8483385008
187.8661670000099 261633.05924050394
188.82987500001036 260297.7945094615
189.79716699999472 258971.19950163097
187.8345420000187 261677.10942109415
186.70899999997914 263254.5833355944
185.12779200000296 265503.0855658842
187.10858399998642 262692.3840116473
186.82029200002148 263097.7581385771
188.14316699999267 261247.8613161748
186.08804100000498 264133.04012372665
187.6512499999876 261932.70761587383
188.27237499999683 261068.571531011
189.2345839999905 259741.10525168313
186.44195900000682 263631.6431324249
187.94695799999772 261520.5934857461
189.3169169999851 259628.14511713112
188.40345800001046 260886.93127913433
189.20916700000134 259775.99700547094
187.8446250000252 261663.0632896385
189.37783300000888 259544.6321323029
188.8893330000201 260215.8587748032
187.78762499999857 261742.4870249058
189.66133300000365 259156.67269932694
189.50933400000736 259364.53346407777
189.85062499999117 258898.27858087
186.03012500000204 264215.2715857147
183.53462499999296 267807.77741530724
184.24304199999142 266778.0528721529
187.96362500000896 261497.40408548547
189.3897079999931 259528.35832030422
186.73862500000382 263212.8195224689
188.96354200001042 260113.66785238017
187.63412499998822 261956.61370234806
186.69695899998828 263271.5619112097
185.75016700000901 264613.49022635125
184.4827920000114 266431.35366249754
189.74099999999794 259047.85997755115
186.9982919999984 262847.3205519996
185.74654199997553 264618.6543812292
186.9343750000212 262937.1938681392
189.31441700001983 259631.57364816463
191.96095799998147 256052.06658743985
190.83324999999718 257565.17797606406
190.52087500000425 257987.4777501358
188.91862499998524 260175.51207565606
189.87279199998852 258868.05309105568
188.57199999999352 260653.75559468896
187.97804199999746 261477.34850861286
186.13116599999557 264071.84275631286
188.97608399998944 260096.40457997186
191.42679200001567 256766.5658838183
189.3815829999994 259539.49281330145
189.54766699999936 259312.0811136133
187.91462499999056 261565.59128914244
186.65662499998348 263328.45137430483
190.89054200000533 257487.87491000278
187.43895899999075 262229.36929564585
190.4592920000141 258070.89527559705
188.54087500000105 260696.78524616864
190.40491600000564 258144.5953842838
188.37987500000963 260919.591331067
191.37441600000216 256836.83862946156
190.86733400001776 257519.1834554331
190.61966600000346 257853.7725483115
188.97954199999845 260091.6452639112
188.06449999999586 261357.14076819964
188.03091699999186 261403.82009625644
185.29925000001413 265257.4146953981
187.14354200000116 262643.3136549253
187.5733749999995 262041.45444416156
189.72558300001197 259068.91006890146
189.01258400001097 260046.17766612378
191.21112500002369 257056.1728560193
190.46941700000275 258057.17670674284
189.12279200000626 259894.6403033135
191.6902920000041 256413.61118067967
188.38112500000648 260917.86000321587
188.36687500001403 260937.59850290205
187.5631660000181 262055.71727230953
187.09358399999587 262713.44505325786
189.87187499999436 258869.3033130971
185.53633300001593 264918.46208901727
185.90441599999963 264393.9345690427
188.49816700000588 260755.85127572337
185.3450000000123 265191.93935631786
185.02774999998906 265646.6394905786
185.6648749999863 264735.0501811591
188.1647089999774 261217.9524057612
185.17066599997634 265441.61157797143
190.500749999984 258014.73222548535
189.97674999999958 258726.3967827648
190.73437500000523 257698.69746865844
188.63741699999537 260563.36426617423
187.97295799998892 261484.4205409743
191.37404100001731 256837.34190467114
186.8995840000025 262986.1391237732
188.2772920000093 261061.75353317472
188.6442910000028 260553.8696106063
188.3340409999903 260983.09014673845
189.94816699998296 258765.32938590774
188.50291600000446 260749.28198988092
188.8262500000053 260302.79158749708
186.8895000000066 263000.32907144737
187.47199999998543 262183.1526841546
188.96004200001926 260118.4857907419
188.50670800000557 260744.03675862052
186.00250000000074 264254.5127081615
187.02779199998076 262805.8614946652
187.65720899997973 261924.3900190656
182.1098329999984 269903.0535050814
190.56633299999248 257925.93700169452
190.02925000000914 258654.91759819942
190.63875000000507 257827.95995042296
185.34695799999668 265189.137876225
184.85008400000424 265901.9619379717
187.51737499999876 262119.71024018613
186.42966699999874 263649.025345308
188.9596249999954 260119.0598256172
186.56745800001318 263454.3050910654
187.20920800001295 262551.18818726373
189.13670899999602 259875.516814671
185.9927090000042 264268.4235541668
185.10662500000308 265533.4459260936
188.74150000002032 260419.67452836133
185.89545899999393 264406.67386071867
189.41508399998952 259493.58922229614
188.34466699999552 260968.36604352153
189.2926670000179 259661.40568982184
186.76283300001728 263178.70215641597
188.60824999998727 260603.65864167298
188.39437500000145 260899.50934044406
189.810499999993 258953.00839522478
187.24220799998648 262504.91555837425
186.13404100000253 264067.7639400701
187.7512920000015 261793.13855267427
189.1432080000186 259866.58743778506
186.193166999999 263983.9087113238
188.79716699998994 260342.88957313972
185.22716600000422 265360.64369736606
187.1810000000096 262590.75440347835
185.78500000000986 264563.8776004381
185.71829199999002 264658.9060812741
189.5546670000101 259302.50506571477
185.53304099998513 264923.1626619214
191.49458300000788 256675.6679482572
189.47970799999325 259405.08626919432
189.57191699999498 259278.90996640237
187.12845799998945 262664.48473594955
188.02216699998553 261415.98506310047
186.04212500000017 264198.22929887497
188.51112500001932 260737.9272708439
189.20587499999897 259780.51685763072
188.89529199998378 260207.6498550542
188.75062499998307 260407.08474477584
187.88866700000995 261601.72821917673
187.4580419999745 262202.67466576165
187.97570899999982 261480.59375054704
187.60299999999575 262000.07462567824
188.95195799998987 260129.61453409566
188.70379099999468 260471.71463556547
188.55862500001308 260672.24450749252
186.94924999999785 262916.2727317738
187.8752499999905 261620.41035209526
189.01049999999486 260049.04489433832
186.6672079999887 263313.5221050875
189.60329199998682 259236.00524828132
184.90370800000733 265824.84760120686
188.504082999998 260747.6677308922
187.24595800000543 262499.6583370765
187.5240419999784 262110.39115723444
185.05325000000994 265610.03386861546
188.77783299998896 260369.55302905123
183.68116700000314 267594.11867194396
182.8024579999976 268880.41078747774
186.81366699999558 263107.08841233316
187.75504199999205 261787.90980218834
184.26037500000803 266752.957601426
187.91758300000083 261561.474000013
249.24654200000873 197202.3347068072
190.09058299999992 258571.46221704216
189.56283399998597 259291.3334477983
186.46779200000196 263595.11995508306
190.011625000011 258678.90977721574
189.1698750000046 259829.9544258768
193.0330829999889 254629.9278657992
188.9166250000187 260178.26647069908
190.86304100000007 257524.9757232988
190.1252910000153 258524.25914233603
189.39624999998728 259519.3938634123
189.9602920000234 258748.8126202393
181.2171249999892 271232.64426583814
185.7422500000041 264624.7690011234
187.29262499999777 262434.25228302815
189.99758300000735 258698.02775332198
190.0492080000049 258627.7549759572
183.59812500000317 267715.1523197699
188.56362500000046 260665.33245741262
191.09283400001686 257215.29672847735
191.6655409999919 256446.72351407225
187.23112500001093 262520.45433149603
188.6482909999927 260548.3449622234
190.12587500000677 258523.46504650274
185.10641699998587 265533.74430019764
189.15833399998405 259845.80726960802
188.7006670000062 260476.0268282379
185.97433400000796 264294.53431997716
189.19295800000668 259798.2531675321
190.5290410000191 257976.42050796378
255.13170900001114 192653.43454426457
185.79554199999393 264548.8663016554
184.38854199999355 266567.53975527245
186.9447920000198 262922.54239419947
186.62462500000743 263373.60356382787
185.61129100001494 264811.4763664676
186.45154199998615 263618.0933274537
186.89058300000738 262998.8050280632
190.4187499999921 258125.8410739596
187.54524999999944 262080.7511787163
190.54233299999623 257958.4243885634
188.6844999999937 260498.34512109708
187.5589160000004 262061.65533607526
184.67195799999558 266158.43862987135
185.10737500000118 265532.37006358977
183.47254100001464 267898.39903070877
190.55241699999215 257944.77327465243
185.3053330000023 265248.70711626735
187.9769170000145 261478.91339230872
186.60162499998023 263406.06626552803
190.02025000000344 258667.1683675772
184.67691699999023 266151.29166360624
187.6216659999841 261974.00890792735
186.31912500001135 263805.44670332153
189.80849999999805 258955.7369664715
184.69304100000272 266128.0562270848
190.03316699999573 258649.58615356396
186.89941700000645 262986.37410944037
185.09829199999217 265545.4000623738
188.73183399998084 260433.01205881883
188.73345900001937 260430.76972374547
184.47862500002543 266437.37180929893
189.23654200000328 259738.4177523131
183.95729200000233 267192.45247423725
189.86033400000224 258885.03914672046
190.94487499998536 257414.60722632
189.31437500000925 259631.63124827473
187.94491700001004 261523.4334855535
186.6052500000137 263400.9493301844
188.9252919999933 260166.33072083193
189.53154100000802 259334.14428365737
188.3877080000218 260908.74251728947
191.26900000000546 256978.39168918433
186.99095799999554 262857.62972561043
191.6682920000028 256443.04275429805
186.0336670000038 264210.2410420099
188.03145800001175 261403.06799087272
188.0952079999929 261314.47219007224
185.21791699998857 265373.8946864575
186.81275000000142 263108.37991518044
189.04454200000487 260002.21683204552
190.21487499998102 258402.5040102931
188.83841699999948 260286.02008456856
187.7885840000033 261741.15035661132
191.04012500000067 257286.26381499608
185.19520800001033 265406.4353544032
186.09524999999394 264122.8080781299
187.8787500000101 261615.53661602156
187.81612499998346 261702.76913126776
185.21370900000989 265379.9239018391
186.25399999999104 263897.68810335547
188.71308300001033 260458.8893288194
187.0747920000042 262739.83509226027
189.11849999997798 259900.53855125606
179.89624999998455 273224.1500309441
189.0959579999958 259931.52111691935
188.2184160000122 261143.41542432708
188.2387080000001 261115.26434828684
187.3537080000176 262348.69074486307
188.1469590000222 261242.5960070617
189.51483300000405 259357.00769131328
186.75629199998411 263187.9197944462
189.19854199998554 259790.58548983827
187.85224999999173 261652.44227845108
189.7159170000009 259082.10959441937
187.61220799999023 261987.2156720343
188.11454100000446 261287.6162507758
187.47937499998102 262172.8390123179
189.50512500001082 259370.29407514542
187.72924999998963 261823.8766734684
185.81891700000597 264515.58750607946
189.18699999997557 259806.434903066
184.89595799999847 265835.9897732346
188.20175000001882 261166.54069367095
188.5936660000027 260623.81119416436
188.72320799999898 260444.91570957328
189.90658300000973 258821.99144195797
189.43541600000913 259465.73791670313
188.23237500001255 261124.0494627809
187.7822090000052 261750.0361815354
188.1240410000089 261274.4215929195
189.17437499999323 259823.77370086068
186.50595900001576 263541.17725533823
188.99783399999137 260066.47250783967
185.6744590000119 264721.38529293815
186.18529099998682 263995.07574421377
190.88433400000326 257496.24901119
186.76737499998808 263172.3019076706
189.78883299999438 258982.57143507202
187.44662500000686 262218.6449075741
188.8644170000191 260250.1878371034
188.85520800000677 260262.87821513633
189.19300000001726 259798.19549346706
190.8845829999848 257495.9131194158
189.85329200000933 258894.64165834736
189.71387499999537 259084.89824479734
189.83341700001688 258921.74716528243
189.3303329999867 259609.74779463073
190.6220420000011 257850.5585413869
190.856416999992 257533.9135702315
189.95579100001692 258754.94367000172
189.06429199998342 259975.05652735478
189.37999999999988 259541.66226634296
187.23108399998978 262520.5118184472
190.07491599998616 258592.77507192784
190.10174999999663 258556.2731537236
189.2412919999913 259731.89825824197
188.92820900001084 260162.31382364494
185.390582999986 265126.7351589466
190.01645899999176 258672.32901125756
190.50287499999286 258011.8541518171
237.9734170000063 206544.07798833557
187.9717909999954 261486.0439351839
188.21791599998505 261144.10915060766
188.52287499998965 260721.67634830892
188.05562500000406 261369.47512204933
195.54337499999974 251361.11105784107
190.41612500001293 258129.3994928038
194.5823329999996 252602.58340103313
189.5947499999977 259247.6848646948
190.9140410000134 257456.18154924785
185.0821250000081 265568.5955626339
185.42620799999554 265075.7976995419
186.25204200000667 263900.46236378036
190.582959000011 257903.436161872
