310.78458400000005 632618.2511034716
312.351291 629445.1333002493
405.7432500000001 484562.5897658185
305.53029200000003 643497.568483324
314.03841600000004 626063.5323036402
304.00975000000005 646716.1003882275
304.873916 644882.9817241564
310.77554200000003 632636.657102186
312.519 629107.3502731035
360.1207500000001 545950.2125328794
362.34462499999995 542599.4659090086
309.72191599999996 634788.7890503687
296.8073330000003 662409.5099429359
363.2642500000003 541225.8431706391
304.8517500000001 644929.8716507284
294.4741250000007 667657.9818345654
293.5756249999999 669701.3759231546
309.3587920000003 635533.9013607211
308.0107500000002 638315.3834728167
308.21637499999974 637889.5345842678
301.1026250000004 652960.0995673809
306.46116700000016 641542.9462878731
306.916417 640591.3437989862
311.9236249999986 630308.1403340349
294.2158330000009 668244.1185957502
367.5061670000002 534978.777648648
309.2525419999994 635752.2519572383
307.99679199999906 638344.3110667224
301.9643750000007 651096.6732416681
309.54358299999996 635154.501006083
302.6836660000001 649549.4210117039
303.05766700000095 648747.8173584678
303.9817090000003 646775.7571558353
303.8128750000002 647135.1814830095
304.3665830000002 645957.9039923705
309.3407920000004 635570.8819676124
309.11279099999865 636039.6778275049
308.126875000001 638074.8190173263
310.2682080000001 633671.1107700728
311.58387500000015 630995.4261914225
311.7149589999997 630730.0767044683
309.16308299999963 635936.2123452503
309.8208749999998 634586.0329779268
304.1144590000009 646493.4309486396
304.90058299999845 644826.5794231066
311.00108299999715 632177.8628661619
309.08829199999843 636090.0916945796
308.2827500000001 637752.1934003766
305.7736670000004 642985.3882741308
301.99741599999896 651025.4379130207
306.2207920000013 642046.5400664209
303.2489159999976 648338.6736986771
302.95195900000135 648974.1827350229
307.307583 639775.9472144233
308.49637499999716 637310.5680739419
309.1017499999999 636062.3969291667
311.17287500000043 631828.8507634213
305.1548329999996 644289.3204971794
365.9269999999992 537287.4917674848
304.281249999999 646139.0572044799
305.1079589999972 644388.3032235216
301.1602920000023 652835.068973829
294.2285829999989 668215.1611354521
311.3927499999995 631382.7152366274
304.21083299999907 646288.6218124934
305.06770799999924 644473.3245906201
303.19887499999965 648445.6777750255
307.5272499999997 639318.954661742
308.80649999999935 636670.5364038659
311.0753330000016 632026.9694929458
304.4263330000021 645831.1213176117
302.718875 649473.8724171065
305.47345900000164 643617.290495928
301.8951250000015 651246.0245921462
302.166083000003 650662.0400543036
306.07591600000103 642350.4422347277
304.2645419999985 646174.5384711997
308.99508300000275 636281.9695742481
305.8447079999986 642836.0369079884
309.52762499999767 635187.2470187482
313.04416700000104 628051.9515318085
311.3234580000004 631523.2435841687
303.6478749999993 647486.8299341811
304.4380840000009 645806.1928940514
349.5388340000005 562478.2738732821
304.352999999999 645986.7325112637
310.42741699999965 633346.1196824642
307.44354200000146 639493.0227547244
307.1226249999981 640161.2385281001
309.65279100000487 634930.495427044
413.0506659999966 475990.03266103345
303.8140829999989 647132.6083985406
306.25708299999843 641970.458524876
308.38987499999604 637530.6582293032
304.2465840000048 646212.6785949284
305.31887499999755 643943.1561510947
305.43104199999505 643706.6734035605
303.709750000003 647354.9169889938
303.2255000000035 648388.7403928685
306.70279199999584 641037.529257323
304.49000000000126 645696.0819731327
291.995 673326.5980581859
307.6550830000002 639053.312829549
305.12454099999786 644353.2839267799
301.5036250000023 652091.662247837
359.5760830000003 546777.1892937602
301.4916670000005 652117.5260210414
304.6917499999964 645268.5377927113
305.56904100000537 643415.96699908
305.5343750000006 643488.969121722
301.2000840000013 652748.8219425568
361.14320800000144 544404.5343917952
361.6502920000002 543641.2035303981
361.62658300000317 543676.8457920536
309.90654200000023 634410.6153138253
307.06979100000353 640271.3837780211
303.03937499999734 648786.9769398835
361.24124999999907 544256.781306123
349.7752089999935 562098.1560188379
299.3077080000006 656875.8329471408
307.02208299999967 640370.8752116056
305.24725000000075 644094.2547393941
304.64645800000056 645364.4703133218
293.42275000000484 670050.2943278827
303.90225000000015 646944.8646727686
303.44129200000225 647927.6393273416
308.8288749999961 636624.4089060728
293.4904589999974 669895.7120101876
309.20616699999925 635847.6026126622
308.20004200000284 637923.3394134261
308.37004199999996 637571.6613872629
308.45304199999646 637400.1005961946
303.9615409999996 646818.6710502309
308.8772499999948 636524.703583716
307.8052919999976 638741.4547765524
309.6059580000059 635026.539121047
308.7392919999985 636809.1302094485
307.7099579999967 638939.3482027063
305.0428330000017 644525.8787640453
360.38149999999547 545555.1963682999
304.0739590000001 646579.5382366168
308.6686669999992 636954.8354579201
308.449667000005 637407.0749118262
307.5762080000004 639217.1919877487
308.0458330000013 638242.6864381547
362.71899999999846 542039.4299719641
304.42279099999325 645838.6356493406
305.37533300000064 643824.1035008534
302.23241700000614 650519.2326870615
303.29575000000375 648238.5592280722
307.4177920000025 639546.5881167945
305.59662499999973 643357.8904871746
308.1821659999946 637960.3419362153
310.36929100000066 633464.7328237109
307.59587499999697 639176.3218541275
305.07287500000047 644462.4091866565
303.9633340000023 646814.8556364976
286.8708750000053 685353.6456079634
312.41337500000554 629320.0475171605
302.31624999999696 650338.8421892703
301.99995800000323 651019.9580888614
304.07508300000075 646577.1481841527
307.5188749999995 639336.3659385145
306.1022919999985 642295.092648313
303.99662499999636 646744.0222403862
291.3704999999993 674769.7519138021
309.72195799999724 634788.7029695251
305.68308300000524 643175.9260946626
309.21920899999833 635820.7843420267
304.8980410000013 644831.9554798293
308.0856670000003 638160.1647180809
307.27124999999944 639851.5969196609
306.6547080000035 641138.0450744547
307.42391600000474 639533.8481082811
304.7723749999989 645097.8373614103
308.4240419999986 637460.0330281673
409.132833000001 480548.08644506783
302.67058300000826 649577.4979228643
309.41487500000164 635418.7076493945
305.15195799999617 644295.3906918811
309.8499170000082 634526.55370566
303.2494170000035 648337.6025748393
311.1884169999968 631797.2946917303
302.221791000008 650542.1046889196
305.377957999994 643818.56924986
308.9250000000021 636426.317067245
304.3926249999913 645902.6397239605
303.61800000000017 647550.5404817893
309.13129200000355 636001.6118976326
310.1551669999907 633902.0623183941
291.4139580000068 674669.1248055984
304.218542000001 646272.244641812
309.1645420000049 635933.2112542094
311.9995830000022 630154.6883798195
310.00912499999345 634200.6868346349
309.6063339999944 635025.7679159871
305.03758400000436 644536.9695820735
363.8775830000043 540313.5812298657
304.1114589999978 646499.8084797633
309.92341699999315 634376.0723314572
304.6942080000008 645263.3323440119
362.7153749999934 542044.8471477218
346.566291000002 567302.7213139978
310.73179199999856 632725.7302336186
309.9220840000072 634378.8008343265
304.6020419999991 645458.5750938617
302.8428750000103 649207.9432279638
351.4087499999903 559485.2148673175
310.1519169999989 633908.7048106194
302.1860830000094 650618.9763874529
305.01695800001016 644580.5547637566
305.18741599999544 644220.5336539922
301.3918750000073 652333.4446225375
305.6284999999974 643290.7925798859
304.9142079999996 644797.7655406608
305.5171249999944 643525.3015686227
303.4766669999982 647852.1131247338
312.0739170000064 630004.5895857293
304.768750000008 645105.5103254347
291.42104100000665 674652.7269456687
311.28641699999093 631598.3906230181
307.7865420000023 638780.3661668823
305.7281250000017 643081.1689307253
307.6290420000021 639107.409111259
300.0841670000085 655176.185953171
305.0972080000065 644411.0101459723
296.9976669999994 661984.9980168376
305.7058340000083 643128.0601599336
390.3441249999986 503678.64509296947
291.3432080000007 674832.9619546152
288.46699999999714 681561.4957690202
301.3770840000092 652365.4598768167
303.3276670000049 648170.3497228192
303.7053749999927 647364.2424010596
309.9208330000067 634381.3615136861
304.9478749999963 644726.5782717862
308.5390420000067 637222.4361803642
309.61250000000007 635013.1212402598
305.2382090000094 644113.3324825462
305.36545799999715 643844.9236783088
307.2762090000083 639841.270626958
308.9807080000071 636311.571918579
311.18583300001035 631802.5409594834
304.33287500000006 646029.4504824692
352.5096250000104 557737.9624740579
298.6180420000011 658392.9044715901
305.14829100000895 644303.1332592134
303.08387499999867 648691.7194126572
361.9785420000028 543148.2178852428
308.1682079999979 637989.237358324
406.5683329999956 483579.2265208272
308.6979579999962 636894.3975975455
301.2231670000034 652698.8012180277
293.0414580000047 670922.1327993695
295.76183300000025 664751.0870680864
302.0396659999989 650934.3709842426
569.3213330000049 345337.4897511496
302.81387499999823 649270.1168333226
301.64604200000156 651783.7883647715
312.32299999999213 629502.150017786
302.89612500000374 649093.8106256644
298.47016699999074 658719.1007267607
306.09312500000385 642314.3283600294
310.12941699999885 633954.6951136233
308.32366699999625 637667.5586178806
303.2437909999999 648349.6310069547
312.79362499999763 628555.0097128785
303.58300000000327 647625.1964042713
316.5904589999968 621016.8197140836
309.80312499998774 634622.391236395
404.607833 485922.3770885325
308.9788750000082 636315.3468016051
404.4027500000027 486168.80078090145
361.5059579999951 543858.2564108188
308.56995799999254 637158.5920882316
303.3131250000025 648201.425507051
313.6643750000019 626810.105546729
361.0653329999991 544521.9522085785
304.85604099999364 644920.793942883
366.4450830000021 536527.8703985199
305.1129589999988 644377.7433917541
301.3020839999996 652527.8464386602
308.88116699999557 636516.6316533724
302.7823749999925 649337.6637263146
310.6402920000022 632912.1014346671
303.63008399999103 647524.7689883253
404.41354200000035 486155.8270964127
300.03979199999264 655273.0845780777
303.5825420000009 647626.1734444513
305.60708299999817 643335.8745157133
306.5127920000066 641434.8931968744
304.773124999997 645096.2498744007
308.83600000001366 636609.7216645447
305.2593329999951 644068.7597256958
302.0204999999976 650975.6788032652
305.1737500000087 644249.3825238717
302.8106249999922 649277.0853070464
291.0700000000048 675466.3826570816
309.7502910000003 634730.6385581404
304.3993750000027 645888.3169520248
303.8390419999928 647079.4493882214
307.77408400000184 638806.2225538094
303.5719169999993 647648.8403240555
304.3043329999904 646090.0443373122
303.56383299999834 647666.0874156279
310.64145899999573 632909.7237468315
307.87937499999884 638587.7585986418
302.41799999998875 650120.03253777
309.3193329999906 635614.9746385429
363.42345799999975 540988.7437700847
304.4651250000072 645748.8357656574
350.15579200000957 561487.2136685794
300.94370799999126 653304.9031216353
302.5080830000064 649926.4351888271
309.9860829999983 634247.8284742902
308.1089580000054 638111.92402915
306.0467090000003 642411.7437577145
308.70616600000744 636877.4636007603
308.0848749999916 638161.8052493014
300.8793340000011 653444.6795870642
304.28899999999715 646122.6005540846
364.02141700000357 540100.0897702622
291.9582499999933 673411.3524793511
306.37887500000716 641715.2618632581
310.1452089999981 633922.4153548063
303.0202080000066 648828.0147969396
310.7470000000063 632694.7645512137
310.90854199999285 632366.028721091
304.1784170000028 646357.4961664627
303.51954200000364 647760.5978991549
303.3143340000066 648198.8417995297
304.6134169999988 645434.4721132254
310.12000000001194 633973.9455694326
307.49241700000596 639391.3772514142
310.68587500000433 632819.2422651891
308.98012500000505 636312.7725448256
309.07991699999116 636107.327542752
310.16779200000144 633876.2601114918
303.13387500000033 648584.7218493802
301.01720899999407 653145.3821299761
305.04525000000626 644520.7719182513
308.31120899999576 637693.324993587
301.0189169999933 653141.6761425807
308.5921670000005 637112.7365653442
303.208082999987 648425.9853983128
309.67016600001784 634894.8706928025
300.03858399999217 655275.7228050547
303.9602919999993 646821.3288859469
303.5830830000066 647625.019342714
289.33716700001355 679511.7337966843
303.56395800001224 647665.8207229993
302.0224589999998 650971.4563975526
301.3062090000176 652518.9130768577
303.27537499999835 648282.1099471102
309.3491249999829 635553.7614661456
299.7525419999931 655901.026520751
305.9021669999993 642715.2900816177
302.9445829999986 648989.9837555469
300.7512909999832 653722.8796135441
303.86675000002583 647020.4456393577
337.7699999999777 582076.5609734819
302.8378330000123 649218.7520044498
307.37375000001066 639638.2254502643
293.3028750000233 670324.1487148205
304.48491699999636 645706.8610725383
308.4131249999871 637482.5974089404
304.15775000000167 646401.4150551775
308.70887500000777 636871.8748367537
300.00400000000127 655351.2619831708
302.3687499999994 650225.9244713628
309.57479100001706 635090.4715622958
307.21379100000945 639971.2700397423
310.8609589999958 632462.8239984381
302.7199580000115 649471.548882788
411.979333000005 477227.8224937017
308.79504199998564 636694.160393965
365.1030409999976 538500.0340219059
301.2007080000103 652747.4696373997
308.9552499999968 636364.0041721319
305.3808340000046 643812.5059282439
309.27224999999225 635711.7394140759
310.76429199998756 632659.5592263472
308.84141699999645 636598.5556917784
289.0073339999901 680287.2345101343
404.383375000009 486192.0943213742
308.2965000000115 637723.7497019676
300.01520900000855 655326.777116804
302.5598749999858 649815.1812100306
299.08574999998905 657363.3147015771
304.7418339999979 645162.4885869833
308.62412499999436 637046.7635995845
301.5882500000089 651908.6867608211
305.4366250000271 643694.9072495237
310.6982500000015 632794.0373014623
306.92045799997913 640582.9095954672
301.65729199998736 651759.480755427
305.10325000000194 644398.248789545
312.16120799999203 629828.4186547773
309.08412499999827 636098.6673126648
305.47700000002465 643609.8298725735
311.3725830000078 631423.6086739694
310.11649999999236 633981.1006509
308.463291999999 637378.9202768434
303.7467080000056 647276.1508908152
308.8296249999871 636622.8628487574
309.537167000002 635167.6663112922
307.88395900000864 638578.2508402605
309.1228749999857 636018.9293659006
314.09058300002357 625959.550019318
374.48337500001116 525011.2905546051
645.0241250000204 304807.20391658804
687.9534169999886 285786.7918693734
980.5897500000071 200499.7502778288
301.27016700001263 652596.9761884579
407.3507500000062 482650.3940400184
304.73512500000766 645176.6923816054
311.39787499998306 631372.323912007
309.5836669999983 635072.2630338282
299.2463340000029 657010.5550566181
306.1102089999963 642278.4808199663
308.4443330000113 637418.097741458
312.2961669999995 629556.2378772338
310.275125000004 633656.9842651662
301.5350420000118 652023.7206791784
303.3227919999888 648180.7671083525
305.4625830000077 643640.2064995143
309.30670800000826 635640.91859267
311.0745830000212 632028.4933082642
308.944624999981 636385.8895425422
306.88145800002076 640664.3180116366
309.066874999985 636134.1699915578
308.92820799999754 636419.7082320225
309.69879199997763 634836.1862516216
310.08045900000525 634054.7889862246
407.37733299999945 482618.89917179133
302.6694579999969 649579.9123544273
308.44491700000276 637416.8908739003
308.47558299998923 637353.5243468747
301.43300000000295 652244.4456977108
302.2990409999977 650375.8640769273
304.5963329999779 645470.6728199983
310.7848329999854 632617.7442514038
310.2549580000016 633698.1728427334
309.11137500001473 636042.5914445582
363.61041699998964 540710.5814573118
307.89862499997867 638547.8337229133
308.92266600000085 636431.1254519585
303.416833 647979.8699896126
309.15695800001686 635948.8114771439
307.6821660000064 638997.0616626376
355.147584000008 553595.2062114987
304.9419169999794 644739.1750344813
309.4818750000172 635281.1453012847
304.0348330000029 646662.7460413332
303.4217080000019 647969.459060585
409.0622500000052 480631.00420534407
306.0267920000115 642453.5535437453
305.7731669999839 642986.4396832779
364.518290999996 539363.8806454355
289.2538749999858 679707.4023641332
307.6884170000085 638984.0797939254
307.3604580000051 639665.8870152931
307.21729199999004 639963.9770277201
304.5401249999884 645589.8052843036
303.84374999999864 647069.4230175901
303.042167000001 648780.999510208
309.5305410000151 635181.2630986563
309.65187500001434 634932.3736534484
304.5473749999985 645574.4364895641
304.26645800000074 646170.469437678
309.1744580000011 635912.8152817828
360.0724169999978 546023.4961568889
301.4766250000207 652150.0630438147
307.1486249999964 640107.0491525147
306.8809579999936 640665.3618436765
304.114458000015 646493.4330744324
308.5359579999931 637228.8055967998
301.2742499999774 652588.1319097624
305.5981669999994 643354.6442050497
309.0204580000204 636229.7217227832
305.8641249999994 642795.2281098687
304.1037920000065 646516.1078951486
312.2543329999985 629640.5821212445
306.41483299999095 641639.9561179397
310.6837500000097 632823.5705922625
310.1714999999956 633868.6823257545
305.4220000000214 643725.730300981
309.34645799999316 635559.240830242
306.7263750000109 640988.2423707222
362.1422920000157 542902.6223758243
368.6766249999778 533280.3510393746
304.51541599998677 645642.1897537317
305.5253330000198 643508.0131309021
306.5731249999999 641308.660046441
305.3356249999979 643907.8309319502
357.4406670000201 550043.7363496441
304.21499999999924 646279.7692421494
308.5530419999998 637193.523439643
301.5244999999993 652046.516949702
309.03449999999566 636200.8125306487
308.08912499998087 638153.0019925637
304.95074999998906 644720.4999496052
309.049750000014 636169.4193248533
305.7003329999759 643139.633086417
308.3000000000027 637716.5098929559
308.66945899998655 636953.2011264146
306.72475000000077 640991.6382685112
307.43108400000096 639518.9368684638
306.6199159999883 641210.7946699964
305.09250000000065 644420.9543007435
408.5612920000017 481220.33058383607
305.69345800000747 643154.0972001932
306.1470410000027 642201.2094508478
305.21699999999896 644158.0908009734
304.0240420000089 646685.6986264075
308.77175000000534 636742.1890117752
304.3464579999977 646000.6181507836
304.60208300002023 645458.4882139068
311.29862500000627 631573.6216309855
306.10495900000956 642289.4965252551
304.28158299997676 646138.3500821836
362.57737500000076 542251.1539778223
312.0215000000144 630110.4250828578
303.7453750000054 647278.9914908054
310.4827500000056 633233.2472576865
302.52879200000393 649881.9457818661
311.7017090000047 630756.8881503856
310.8842500000151 632415.4407950563
306.60025000000246 641251.9233105597
336.1362079999992 584905.7474938864
303.77791600000137 647209.65430548
305.8575409999946 642809.0651523399
305.5627500000071 643429.2138030418
302.78716600000166 649327.3892592889
406.4038749999952 483774.9147938177
310.53220800001213 633132.3931461317
292.8726250000011 671308.9009257839
304.6287499999778 645401.9852033478
305.30966700001727 643962.5771822969
309.6638330000019 634907.8550610035
305.65762500000915 643229.4957470605
309.38637500000254 635477.2410388091
308.5018330000082 637299.2928051574
309.6080420000078 635022.2646994261
306.5800420000073 641294.1909636613
310.87537500002327 632433.495255085
303.69191700000897 647392.9301186972
309.975417000004 634269.6524221386
310.3645000000199 633474.5114212076
306.14587499999857 642203.6553652762
365.74170900001945 537559.6907925793
310.4758750000087 633247.2692121231
307.5522919999969 639266.8990416822
298.85887500000763 657862.343890557
304.7533750000184 645138.0563053259
309.0770419999842 636113.2445418254
308.96862499997724 636336.4564929998
305.8851250000032 642751.0981450895
304.60704200001487 645447.980155332
309.62429100000577 634988.93890078
307.27275000000986 639848.4733839681
362.6515419999805 542140.2565000277
304.53337500000544 645604.1148199158
290.50949999998466 676769.6065017164
307.9460000000154 638449.5983061646
361.4123330000041 543999.1446002972
307.72812500001123 638901.6278573589
304.49795900000254 645679.2047003453
310.5144580000001 633168.5850196384
347.4442080000131 565869.2690021547
301.82800000000043 651390.8583696666
303.5905840000055 647609.0180715106
291.38270800001465 674741.4812274657
307.2784590000026 639836.5854861252
299.66754100001936 656087.0735078622
289.6226670000033 678841.8946504549
304.5454169999857 645578.5870519576
303.2992500000091 648231.0787118467
306.62883299999066 641192.1477717197
302.26162499999987 650456.3720253939
301.50612500000307 652086.255295802
290.58908400000405 676584.2587534955
301.98283400000037 651056.8743122655
310.00470899999755 634209.7209884691
307.380749999993 639623.658931161
310.43679100000077 633326.9950596787
305.23974999999837 644110.0806824834
372.153916000002 528297.5445030624
308.3730829999922 637565.374018085
306.6842080000072 641076.3739096583
305.8102920000181 642908.3819062191
312.0416250000062 630069.7863626241
361.0785839999835 544501.9691337025
312.0111670000085 630131.2927046443
306.2565829999926 641971.5066173933
305.42237500000624 643724.9399294861
304.15224999998713 646413.1039635851
303.04358399999387 648777.9658783469
310.0533340000027 634110.2592368779
304.6873749999861 645277.8031909231
304.347292000017 645998.8479213708
304.39966700001264 645887.697373834
360.4334999999992 545476.4887281577
301.92162500000563 651188.8639973912
308.52304199999026 637255.482525698
301.9999169999892 651020.0464724202
305.10474999999815 644395.0807058926
293.7904160000073 669211.7553623503
302.22591700001544 650533.2234627316
302.2566659999768 650467.0437938831
305.8885410000016 642743.9202438085
306.3145419999955 641850.03662021
307.71745799998484 638923.7753290217
302.59854199999836 649732.1457682406
300.59012499998516 654073.3831492625
308.0709590000197 638190.6319186271
361.31170799998813 544150.6478943286
304.67229199999224 645309.7480883001
303.5531669999898 647688.8445706996
407.2758750000105 482739.1261512726
304.0319170000032 646668.9482472918
310.3969169999914 633408.353086205
303.3300419999989 648165.2747076094
309.4126249999931 635423.3283144293
309.556917000009 635127.1420628417
303.85954099998 647035.7960555628
304.35770899998715 645976.7378522628
310.611458000011 632970.8545394131
304.15637499999093 646404.3372426629
309.24033400000894 635777.3497942035
303.64791699997795 647486.7403750847
367.131124999986 535525.2840521421
362.09887500001514 542967.7184166666
306.3621670000032 641750.2589345438
301.6747089999967 651721.8518308147
309.88391599998977 634456.9364484425
304.8913339999899 644846.1404941293
303.2149160000017 648411.3730077806
408.37579099999743 481438.9205554088
301.85408299999494 651334.5721416109
305.6457499999965 643254.4866074607
302.3643340000035 650235.4209541053
302.912708000008 649058.2758911349
359.97066599998107 546177.8377241726
309.16045899999745 635941.6098550999
302.5601250000136 649814.6442793516
362.3125420000122 542647.513427767
303.141208999989 648569.0304151527
303.9937499999894 646750.1387775467
361.89862500000913 543268.1596952601
305.73149999997895 643074.0698947067
302.4037079999857 650150.7580720845
300.2603749999935 654791.6953744038
308.43808299999864 637431.0139905806
307.77762499999994 638798.8730499822
301.95012500001894 651127.4005930207
300.60649999998645 654037.7536746839
310.8822499999917 632419.509315843
304.3765000000178 645936.8578060018
301.86349999999607 651314.2529653389
311.7900830000053 630578.10597522
307.0413330000008 640330.7270685914
308.56433299999253 637170.2072254888
351.655457999982 559092.7014703411
302.2247499999935 650535.7354088447
302.58520800001065 649760.7774666668
301.61099999997987 651859.5144076745
302.37833300000716 650205.3174557164
303.30962499999714 648208.9053388987
305.1633339999853 644271.3723923644
303.8648330000058 647024.527514167
302.21050000000105 650566.4098368499
301.37208300001816 652376.2852977598
301.05154199998196 653070.8950828486
306.50895900001274 641442.9145609145
301.3004999999964 652531.276914583
301.816333000005 651416.0385084155
304.91295800001694 644800.4089087911
302.24420899997995 650493.8528036878
301.1822080000002 652787.5643968979
300.26791700001354 654775.2485990408
302.83887499999196 649216.5181897642
301.6921669999988 651684.1386869709
309.61200000001554 635014.1467384667
301.1178339999958 652927.1195541435
305.68079099998613 643180.7486392199
309.3149169999947 635624.0491304962
300.1269580000212 655082.7733374957
303.8179999999784 647124.265185124
305.71566599996913 643107.3767741423
300.6207920000179 654006.659659084
299.5853329999818 656267.1077092147
310.68704199998365 632816.8652750261
287.0586660000072 684905.2938885847
302.8240000000437 649248.408316288
303.2863750000274 648258.5971756305
305.6904999999688 643160.3206511817
304.47641700004624 645724.8871263817
358.8917079999874 547819.8454225833
302.8086669999652 649281.2836167023
304.3171659999757 646062.79883671
303.4138750000466 647986.1871839903
312.39475000000994 629357.5676287573
389.0863750000335 505306.8229386934
301.8315829999665 651383.1258010592
303.7502920000179 647268.5135722879
307.7106670000376 638937.8760144704
303.2223330000079 648395.5124769615
307.28333400003294 639826.4345829408
306.467457999986 641529.777037564
304.5602919999624 645547.0564101781
295.1103330000251 666218.6240696062
309.4371249999881 635373.0180242838
361.09570799999346 544476.1475813597
302.81470899996066 649268.328639959
304.2997919999948 646099.6857993362
301.8624169999953 651316.5897031927
304.9451660000386 644732.3057417317
299.621290999994 656188.3481104283
304.7929580000073 645054.2732027139
308.22870800000146 637864.0110317013
362.731832999998 542020.2532927433
362.8605000000107 541828.0578899996
307.6565840000285 639050.1950056814
303.2934580000415 648243.4579910164
305.30241700000715 643977.8693268432
304.362000000026 645967.6306502888
304.90362500000856 644820.1460379307
295.3497080000034 665678.6672699123
304.62775000000875 645404.1038611694
361.30879199998844 544155.0395485706
302.74774999998044 649411.9279169298
309.46354200000314 635318.7801359748
310.95429100003 632272.9921742132
306.2408750000145 642004.4352341623
304.2725409999889 646157.551233015
363.0839589999937 541494.5913377666
290.6290829999989 676491.1411154291
303.9166249999994 646914.264726388
304.2868750000025 646127.112778027
309.95287499996493 634315.7810684035
309.6921250000264 634849.8528982074
308.81604199998947 636650.8641413347
360.7059999999933 545064.4014793312
305.7017499999688 643136.6519819401
304.11874999998645 646484.3091720217
305.9669589999885 642579.1877743485
294.64733300000034 667265.5000749651
410.44754200004263 479008.83762626984
307.12283400004026 640160.8028922208
305.2431249999472 644102.9589119623
302.81179199999997 649274.5830717188
308.89645799999244 636485.1227915498
361.83149999999387 543368.9438315993
303.05691699999215 648749.422868329
406.2711249999893 483932.9893307214
363.1137080000144 541450.2280370869
361.057207999977 544534.2057816293
360.61591700001827 545200.5602958176
309.47837500002606 635288.3299196056
303.92554200000177 646895.2846352047
306.74483399997143 640949.6695876492
350.34187500002645 561188.9814769792
304.39883400003964 645889.4648721762
307.70283300000756 638954.1431358715
303.5560420000252 647682.7102653543
307.700165999961 638959.6812893008
303.6746669999957 647429.7047636271
305.5657919999817 643422.8082704094
299.8465829999759 655695.316027716
362.38804099997424 542534.4596291851
306.0197089999974 642468.4234962189
303.74512499997763 647279.5242393255
307.024666000018 640365.4877682971
305.7346250000137 643067.4968528383
307.7060410000172 638947.4816972768
304.9117500000307 644802.963480352
304.6997920000081 645251.5070965155
310.28829199999564 633630.0952019251
290.3164580000066 677219.6152930314
304.5147500000098 645643.6018287904
308.2932499999629 637730.4725290731
407.88958399997455 482012.79883629555
304.06162499997436 646605.7661831432
441.98699999998325 444827.5628016377
304.68524999997726 645282.3036232134
305.7584590000033 643017.369472018
304.7627919999627 645118.1218999466
302.81949999999824 649258.0563669155
304.98324999996385 644651.796451193
409.0597500000399 480633.9416185064
303.4136669999725 647986.6313998895
362.07454099996994 543004.2097326482
308.5137499999746 637274.6757640986
299.55379199998333 656336.2082226985
361.4118749999875 543999.8339844445
406.54637499994806 483605.34514672554
302.33641699999225 650295.4620911746
291.8401660000427 673683.827331606
302.50233300000673 649938.7890671098
302.06983300001866 650869.3637076558
308.96508300003234 636343.7515040475
364.0459580000197 540063.6806410836
302.7392920000125 649430.0713367325
308.4255409999628 637456.9348652734
302.9880409999919 648896.8982112573
308.7215420000007 636845.7436637174
307.1461660000523 640112.173823998
306.799041999966 640836.4208647751
310.835333 632514.9657294591
302.8052079999952 649288.700477051
303.02695900002163 648813.5598522307
303.05095899996104 648762.177320895
304.6639579999919 645327.4003615656
304.65004100000215 645356.8801587609
302.9372500000136 649005.6934232789
302.18416700000716 650623.1016398531
360.6390830000237 545165.5388109643
304.9448329999791 644733.0097900478
306.36454099999355 641745.2860512475
362.1714170000132 542858.9633841614
309.5084160000283 635226.6686020648
303.2355839999923 648367.1784377556
304.21645799998487 646276.6718558329
302.86645900002895 649157.3898580206
300.6569169999693 653928.0784284103
310.56754200000114 633060.3601840636
408.4807920000344 481315.165487594
292.0182080000018 673273.0857659355
309.2953329999659 635664.295652407
303.43791699999656 647934.8459276506
297.0906250000098 661777.8666021302
311.896250000018 630363.4622089515
302.97262499999533 648929.9156978391
304.30050000001074 646098.1825530785
307.481542000005 639413.9912307218
305.7447909999951 643046.1148886856
361.1591250000288 544380.5414025863
304.12599999999657 646468.8977594886
293.961124999953 668823.1309498202
304.27420900002744 646154.0090635229
308.16804199997705 637989.5810222095
304.58375000000615 645497.3385809192
361.7565420000233 543481.5329476125
304.5529999999985 645562.5129287873
360.24358299999903 545764.0587590995
302.4781660000144 649990.7170158874
404.22641700001805 486380.87896168156
306.08429200003684 642332.8643077716
306.97941699997955 640459.8781292659
304.59450000000743 645474.5571571226
302.25512499998786 650470.3600973116
294.9869999999919 666497.167671814
305.35129200001165 643874.7932332066
308.64924999997356 636994.9060301194
365.7846660000246 537496.5608864173
292.1783329999812 672904.1061371674
303.521958000033 647755.4417989707
303.9006669999935 646948.2345690415
301.5547500000366 651981.1079081863
303.56012499998997 647673.9986847959
303.4364160000109 647938.0510478773
301.00724999999784 653166.9918249524
360.81687499995496 544896.9092701791
303.51641700002574 647767.2672314899
309.97208399998044 634276.4724581211
304.01124999997364 646712.9094729786
304.46558299996695 645747.8643818384
310.15816599995105 633895.932954514
302.50066600001446 649942.370705361
362.3421669999516 542603.1467102924
305.0412090000236 644529.3101365356
302.2969160000457 650380.4359021984
311.51879099996904 631127.2567824634
305.6162920000247 643316.4891614617
307.6948749999815 638970.6685885224
311.0417500000153 632095.2090836369
302.6515829999994 649618.2773972155
305.18233300000475 644231.2635443315
303.98674999997866 646765.0316996179
303.06941700001744 648722.6654083302
305.7687079999596 642995.816301863
304.4914579999727 645692.9901791125
362.8647080000178 541821.7745220633
361.3470839999877 544097.3753644755
305.789749999974 642951.5704827148
305.48566700002766 643591.5698787341
301.63791699999365 651801.3449880843
304.70358299999134 645243.4791356083
305.30554199998505 643971.2777962269
311.345708000033 631478.1124266506
310.1677909999694 633876.2621552133
317.8417500000137 618571.9780362131
366.0529999999653 537102.55072358
303.57658299999457 647638.885901827
309.97925000002624 634261.809459773
408.7125419999893 481042.24802576564
303.79487499999414 647173.5245698395
303.5121659999618 647776.3398783321
300.03362500002595 655286.5532987611
308.4098749999953 637489.3151524509
302.4815419999527 649983.4624620855
302.0639590000087 650882.0206517731
291.54904199998555 674356.5290123976
303.7980419999826 647166.7779873685
304.6044170000073 645453.542454689
305.953417000012 642607.6293829798
301.351416999978 652421.0237910191
304.0889170000014 646547.7332736829
302.19908299994813 650590.9880607869
303.8548330000026 647045.82138405
302.7183750000404 649474.9451531436
289.35320800002273 679474.0634082914
304.88724999997885 644854.7782828362
303.0226249999828 648822.8395487339
308.49195899997994 637319.6910458622
360.3233750000072 545643.2017489736
304.6865420000131 645279.5673528356
302.94412500001044 648990.9649180132
310.65304200001265 632886.1250938338
364.02816700001495 540090.0749528867
304.71545900002184 645218.3313744706
386.1927499999638 509092.93351575977
308.0076250000161 638321.8597266536
300.563416999978 654131.5039681438
304.27904100002934 646143.748034164
308.33104200002026 637652.306185853
306.6165000000183 641217.9383692276
303.18249999999125 648480.7005681584
312.6150419999476 628914.075094419
301.8152500000042 651418.3759766853
304.6755839999946 645302.7755581605
303.1760830000394 648494.4262571479
307.1759580000162 640050.0914202069
302.4081249999995 650141.2619121935
305.4075419999549 643756.2042918673
310.0981669999783 634018.5816061718
309.3607079999856 635529.9652340114
304.053582999984 646622.8684435873
309.5708750000199 635098.5053099307
304.2117090000147 646286.7607768198
363.31016700000873 541157.4402760804
311.53399999999465 631096.4453318205
303.25195799997573 648332.170043287
302.24929100000963 650482.91544212
291.3775839999744 674753.3468463974
310.6942499999832 632802.1841408737
305.23791699999947 644113.948661235
361.26662499998474 544218.5532638347
303.28154199997925 648268.9276224184
309.3515420000017 635548.7958097811
299.9840410000161 655394.8648221239
307.96258300000545 638415.2194229275
303.5027500000069 647796.4367703275
300.89724999999135 653405.7722362224
408.0133749999959 481866.55645786604
304.2817080000191 646138.0846461782
311.1406250000073 631894.340380641
303.7325829999986 647306.2522897022
309.280584000021 635694.6092677666
308.0122920000008 638312.1878785263
305.41720900004066 643735.8282583671
303.0849169999783 648689.4892232927
307.4474169999917 639484.9627245538
382.7502089999939 513671.8292425626
307.6727499999947 639016.6174937604
308.6637090000295 636965.0667289209
312.0693750000214 630013.7589598035
303.7886249999815 647186.8392044369
306.1623330000316 642169.1331963417
308.9384999999538 636398.5064989614
308.73750000000655 636812.8264302063
307.16274999997495 640077.6135778704
304.577624999979 645510.3194136915
305.5224590000307 643514.0665059265
312.58066699996334 628983.237789377
307.00383399999964 640408.9403000753
309.3179589999977 635617.7980600263
310.70499999998447 632780.2899857094
308.0065839999975 638324.0171255613
304.7899999999686 645060.5334821361
295.4774159999829 665390.9549554589
309.9592500000199 634302.7349562478
308.070999999984 638190.5469843323
311.0785829999827 632020.366378006
293.9236249999908 668908.4621898159
307.2628329999816 639869.1246852227
302.53462500002115 649869.4157734383
302.0046250000519 651009.8976132112
309.86749999999574 634490.548379558
306.2655409999593 641952.7295107162
306.55962499997713 641336.9014266464
310.5944590000149 633005.4973710608
308.7867920000349 636711.171247175
308.39254099998925 637525.1468874108
305.27433299999984 644037.1126779274
302.67199999997274 649574.4568378235
308.7119159999929 636865.6012617424
309.0240839999865 636222.2563857146
300.10712499995407 655126.0654009134
