365.091292 1077034.7269745343
369.03425 1065527.1157080948
362.282083 1085386.2734359954
365.53283400000015 1075733.7328553086
368.5887920000002 1066814.8585483842
372.61816700000014 1055278.66009818
363.95170799999966 1080407.074226453
370.62183400000004 1060962.8573582633
368.7057500000002 1066476.4517504806
369.62604200000015 1063821.1471041313
371.47641600000014 1058522.1108626176
351.49937499999953 1118681.9322224983
366.99775000000034 1071439.811279496
366.58375000000024 1072649.837861061
370.49399999999986 1061328.9284036993
366.6835829999995 1072357.7990127814
370.8509580000001 1060307.3593785886
359.60562499999946 1093464.541885296
370.70570799999916 1060722.80926411
367.5235829999988 1069906.8527529058
646.6865419999995 608047.2910166119
363.6868749999991 1081193.8154215794
367.3858329999984 1070308.0104888033
361.6634999999988 1087242.699360044
423.9217919999998 927567.3188322439
366.795625 1072030.2348208216
354.38712499999883 1109566.2688084429
362.63475000000153 1084330.7212008731
364.1809580000004 1079726.9636486585
372.39174999999847 1055920.2775034667
369.0895420000011 1065367.4928562427
372.50420900000057 1055601.4952303516
370.0090419999995 1062719.9753675223
422.3976660000002 930914.234739166
369.64354200000037 1063770.7827180154
367.87133300000005 1068895.4662308518
372.624416999999 1055260.9599923266
694.6217089999998 566086.540206304
366.8074999999966 1071995.5289900117
372.44370899999876 1055772.967828546
362.76954199999875 1083927.8232459808
364.8886669999989 1077632.8112158144
364.2833749999994 1079423.4021796922
350.5090830000022 1121842.5400975915
698.8351250000022 562673.4918339984
366.5838749999999 1072649.472102394
369.7022909999994 1063601.7400281695
730.0038340000015 538649.2257792706
363.59504200000003 1081466.891949533
368.90504100000146 1065900.316607488
368.927124999999 1065836.5117501216
368.5636670000001 1066887.58336019
364.4151250000007 1079033.1493513042
362.4515840000022 1084878.690997796
368.87366699999905 1065990.9751703718
367.3550830000032 1070397.6022022173
646.4791669999989 608242.3379932375
349.8876250000009 1123835.1170607961
361.7629169999965 1086943.911390464
364.32854199999906 1079289.5825329025
366.38174999999865 1073241.2299466375
373.4368329999995 1052965.227990782
359.65699999999856 1093308.3465635357
370.2027500000007 1062163.908831037
364.1145839999993 1079923.7857498198
357.57558299999914 1099672.4012892148
363.63308399999994 1081353.752729496
363.18408300000016 1082690.6200071543
365.56970800000244 1075625.2265846857
369.24387499999864 1064922.200808345
426.901167000004 921093.757516002
365.2452079999975 1076580.8596180205
370.791208 1060478.2193217485
372.14287500000154 1056626.4368221436
362.31841700000444 1085277.428776123
363.85658300000046 1080689.5309078398
368.9971249999999 1065634.3189665775
448.52704200000204 876682.9269571626
368.49516699999896 1067085.9083478865
370.5012500000038 1061308.1602288682
352.197750000002 1116463.6912075612
364.5447919999967 1078649.3419442503
364.6567079999983 1078318.2960122644
423.7026669999935 928047.0259584325
371.4756250000022 1058524.3648220464
370.18462500000027 1062215.9145588495
367.14149999999535 1071020.3014369255
362.5420420000012 1084608.00251133
371.6923329999986 1057907.2127376958
363.202292000004 1082636.3397508396
425.3740420000014 924400.5538071801
415.40316599999727 946588.8375053997
364.46083300000254 1078897.824941308
362.0838329999998 1085980.5497032513
365.2707919999969 1076505.4546162654
363.2051660000002 1082627.772976114
362.6453749999996 1084298.951834145
366.1032079999984 1074057.7831811889
364.4887909999994 1078815.068417291
649.1285000000033 605759.8765113502
422.46683399999796 930761.821648707
428.8170419999986 916978.4814662316
360.5119590000001 1090715.550992304
364.44850000000173 1078934.3350294984
362.72216700000115 1084069.3946339341
365.8153340000041 1074903.0001022199
695.1676250000035 565641.9917426362
647.0854999999958 607672.4018696178
368.9507499999962 1065768.2631082984
421.4500000000001 933007.474196227
372.4566249999981 1055736.3558776865
695.5172500000017 565357.6528835181
349.7423339999983 1124301.9839857358
344.9952920000001 1139772.0754983516
348.6591250000046 1127794.9487195977
442.8603329999987 887900.7007385354
365.3730830000015 1076204.0727559517
371.5808339999995 1058224.6553652994
370.6936669999976 1060757.2640295539
348.2704589999983 1129053.5554725355
370.56479199999615 1061126.1741239682
369.41787500000345 1064420.6103995275
363.31091699999973 1082312.6462781196
369.0838329999977 1065383.9719931663
365.1825000000031 1076765.726725669
364.59554199999644 1078499.198983634
647.9124170000006 606896.8423551599
369.93400000000065 1062935.5506657925
364.03533400000043 1080158.8836978103
363.46541700000046 1081852.5824150129
363.9201249999999 1080500.8379242562
1321.666624999999 297515.2678914021
363.7993339999994 1080859.592777596
422.58095900000114 930510.4539743329
364.87987499999974 1077658.7774264072
372.5642499999964 1055431.3786145714
370.9337080000026 1060070.8199859725
362.54316699999833 1084604.6368872863
361.069791999995 1089030.4553641682
363.8438329999971 1080727.4009781089
368.85645899999986 1066040.7060948338
419.46487500000273 937422.9487033865
355.47650000000885 1106165.9490852144
365.4251250000016 1076050.8052094074
366.46737499999915 1072990.4674324717
364.63833300000204 1078372.635056989
359.9170840000028 1092518.297908851
367.6325420000097 1069589.7535642795
364.06074999999305 1080083.4750793858
367.820082999998 1069044.4001667036
364.49808300000086 1078787.5666276112
369.5043750000053 1064171.4323409414
369.02379200000723 1065557.3123588527
369.16462500001046 1065150.8117821116
369.4114999999982 1064438.9792954521
362.5111250000117 1084700.5040189796
362.5397079999999 1084614.9851259883
361.5917500000023 1087458.438971568
362.9055410000035 1083521.620850634
367.91512500001033 1068768.2383266764
370.2272919999956 1062093.499038976
366.29333300000155 1073500.2921824907
374.81758399999876 1049086.3203472367
368.1162919999963 1068184.1813184512
363.87437499999464 1080636.6895168305
422.8544580000033 929908.6069940332
371.09545900000285 1059608.762283445
362.69691700000806 1084144.86467772
363.7330419999927 1081056.5843506951
373.2595830000065 1053465.2502143346
371.17454199999145 1059383.0004645337
365.62508300001184 1075462.3199633907
372.6209590000025 1055270.7530335067
436.4340420000019 900974.6311219194
709.8652079999965 553930.5146506095
844.9179170000036 465389.5864774262
825.6230830000106 476265.75382461166
367.9245000000009 1068741.0052877672
694.0823329999972 566526.4498239312
371.1369170000012 1059490.398256444
371.8717089999899 1057396.9207214166
371.509666999998 1058427.3706126795
371.1392499999988 1059483.7382464972
363.9939589999983 1080281.6647844473
369.678124999993 1063671.268079515
361.35733300000084 1088163.8867973355
372.3377499999998 1056073.41721327
366.1670409999971 1073870.545328527
366.5836250000041 1072650.203619967
353.7097090000003 1111691.2824126058
363.66845800000647 1081248.5695418573
363.6450420000017 1081318.1938006408
367.69762500000525 1069400.434664201
368.5322919999976 1066978.4128442197
357.17266599999675 1100912.9125239488
357.899125000003 1098678.293778999
365.156583000001 1076842.1502071044
362.23387500000115 1085530.7223820488
694.7784169999949 565958.8587939728
364.6669580000008 1078287.986815628
364.39516600000843 1079092.2511853268
424.2418749999928 926867.4856766714
362.2881250000063 1085368.1720867697
362.2952499999883 1085346.8269319367
368.8112079999968 1066171.5031176694
360.16945800000144 1091752.760446441
358.8663329999946 1095717.162189204
356.0612499999962 1104349.3219214508
363.5379159999985 1081636.832621337
366.26816599999756 1073574.054481171
372.6773329999986 1055111.1247756018
370.4217080000092 1061536.0587884074
365.6904580000031 1075270.058044546
363.3232090000007 1082276.0293301253
365.41887500000314 1076069.2096159419
363.8620840000044 1080673.192648441
367.0499170000028 1071287.532807144
364.563375000003 1078594.3596226491
367.2634579999965 1070664.6453239128
365.2464999999978 1076577.0513885892
357.61058300001025 1099564.7743455868
367.0138749999978 1071392.736854982
429.21725000000777 916123.4782618659
372.9924579999988 1054219.7075738225
423.3761670000007 928762.7189463392
368.4120000000064 1067326.797172712
363.703000000001 1081145.8800174838
360.12070800001084 1091900.5524114103
361.7126250000098 1087095.0384991106
353.1628339999884 1113412.7437657071
364.47266700000114 1078862.7943943976
367.0222500000051 1071368.2889797403
370.76170899999283 1060562.5943967358
368.32749999999237 1067571.6583747023
365.9014589999998 1074649.9920351512
360.2506659999989 1091506.6566455737
362.2742499999987 1085409.7413768752
367.2020420000024 1070843.7182383572
363.4775830000052 1081816.3716027415
364.2574999999937 1079500.0789277004
364.37329199999624 1079157.0310812024
366.8029170000011 1072008.9229824713
371.1393329999879 1059483.5013081538
361.7332919999967 1087032.9292223498
363.5172919999974 1081698.19883012
420.96004100000073 934093.409592763
366.5778750000044 1072667.0287998023
363.87837499999875 1080624.8104191443
359.7206660000012 1093114.8448390749
365.4710419999958 1075915.612487855
364.58845800000006 1078520.1543599055
373.3705409999999 1053152.1821374765
369.2025000000001 1065041.5422430777
365.6203330000096 1075476.2919599158
365.4164590000022 1076076.3241920574
365.93995799999846 1074536.932640741
367.73270800000546 1069298.4100832122
364.052583000003 1080107.7052102573
352.5124169999998 1115467.0900571432
359.37408300000584 1094169.0528083898
363.05124999999805 1083086.7542805653
360.64420800001074 1090315.5832742178
363.1110000000035 1082908.5321017436
362.66645799999253 1084235.9179519385
371.0774169999951 1059660.2810782345
370.9817910000055 1059933.4240639163
346.6332919999928 1134386.133920478
698.2179999999971 563170.8148457955
371.7339589999966 1057788.7504757228
361.9144999999975 1086488.659614364
364.22095900000784 1079608.3813507052
350.97708399999306 1120346.6491846738
362.84579100001224 1083700.0449041636
365.51900000000614 1075774.4467455684
370.07987500000183 1062516.5715914653
361.5209999999962 1087671.2556117186
364.47141600000066 1078866.4974484565
350.28895799999304 1122547.5168989135
430.2941250000032 913830.7430992628
362.0170000000087 1086181.0356971927
366.3767500000006 1073255.8766351833
362.99391699999717 1083257.8221965164
362.10608300000047 1085913.8204535479
361.07849999999075 1089004.1916093316
369.1595829999983 1065165.3596650688
363.25400000001196 1082482.2300648775
365.31470799999965 1076376.0434195285
368.80237500000135 1066197.0384545343
364.5638339999948 1078593.001630561
369.16454199999293 1065151.051262143
355.92816700000185 1104762.2426577944
371.06441699998527 1059697.4055855526
367.6342920000195 1069584.6621402204
363.47516699999005 1081823.562378364
348.6356669999964 1127870.8325617302
372.3959579999985 1055908.345815079
363.85325000000535 1080699.4303335047
346.54645800000594 1134670.3765761566
363.82070800002 1080796.0936626466
369.7137919999989 1063568.65366819
371.7429579999987 1057763.1439625048
420.5980419999946 934897.362170804
361.17395799999485 1088716.3686369814
360.291750000016 1091382.192348236
357.85591699999486 1098810.9496594006
362.39362500000993 1085052.1998006704
352.0392080000079 1116966.4942547854
361.34141700000555 1088211.8171357976
363.1317079999974 1082846.7780070663
362.1142910000117 1085889.2061787953
371.33424999998965 1058927.367997999
365.9041249999859 1074642.1620691353
363.62354199999913 1081382.1289931799
366.11650000000395 1074018.7891012717
371.1932089999834 1059329.7249681568
368.29445800000826 1067667.436907213
361.29079200000547 1088364.3001895107
343.55370899999116 1144554.6640860457
363.7793749999787 1080918.8948659417
355.3962919999947 1106415.5953546243
371.9412499999919 1057199.221651292
372.0785410000076 1056809.1321342608
365.1806670000042 1076771.1314794095
368.48270800001615 1067121.9882588976
362.0201669999972 1086171.5336427737
369.37645800000496 1064539.9604757559
356.63558400000284 1102570.8528288554
447.46691700001406 878759.9374636844
362.49104199998783 1084760.599408173
368.08129100000997 1068285.7553876308
363.4420410000132 1081922.1654106486
364.00616700001365 1080245.4344131628
369.4367499999771 1064366.2277778925
365.3378339999733 1076307.9084769215
371.5510840000036 1058309.3871420282
366.26000000001113 1073597.9904985202
370.5463749999751 1061178.9145151572
363.1067089999931 1082921.3293329908
643.5894589999975 610973.3378961409
368.19954099999563 1067942.6675331045
361.9944160000159 1086248.800036691
361.83074999999576 1086740.1402451412
364.7064590000184 1078171.1984979683
367.6274580000154 1069604.5451533806
361.04129099999227 1089116.42463634
369.73395799998343 1063510.6445916921
367.53874999999425 1069862.701551894
348.6756249999985 1127741.579297382
362.4313749999999 1084939.1833143588
419.0784170000086 938287.4040969567
366.9754169999919 1071505.0158251026
368.3727499999918 1067440.5205054085
428.2753330000162 918138.3322863125
361.55079200000273 1087581.630854226
369.34708300000807 1064624.6257209277
364.818458000002 1077840.2007279957
368.71470799999884 1066450.5414847764
366.8528750000064 1071862.9368789685
362.9261250000013 1083460.166996792
365.77958300000546 1075008.0602503014
370.15070799998284 1062313.2456632184
646.0766249999779 608621.3071089106
370.63620899999705 1060921.7082727153
365.8708749999846 1074739.8245351356
360.8200420000003 1089784.2531707252
365.1935420000143 1076733.169613346
365.18924999998603 1076745.824254178
369.6072909999941 1063875.1171172278
364.70962499998905 1078161.8390247086
369.1917499999988 1065072.5537610233
364.79391599999644 1077912.713873232
364.1694579999921 1079761.0600282918
414.66400000001613 948276.1947021799
367.85624999998845 1068939.2935420081
359.36387499998546 1094200.133499829
365.3791660000252 1076186.1556166913
363.0952910000076 1082955.3831916586
681.514457999981 576973.8196808893
367.6154169999961 1069639.5793433336
362.76983299998733 1083926.9537608265
351.3174999999933 1119261.0672682333
374.5337080000013 1049881.470214688
369.2699169999969 1064847.0993644558
363.67812499997854 1081219.8286603661
359.8045409999884 1092860.0259106033
373.14229199998294 1053796.3892873821
368.9170000000104 1065865.7638438698
647.2973750000222 607473.4970151648
349.1420830000038 1126234.9030552004
363.54266699999016 1081622.6971235005
366.57370899999364 1072679.219338141
359.7587909999902 1092999.0033238984
364.10474999999565 1079952.9530993614
421.4044169999909 933108.3969155656
367.95225000000187 1068660.4036257367
698.9453330000117 562584.7708464396
363.21899999998664 1082586.5386998325
368.70400000000814 1066481.513626083
369.4034160000115 1064462.2734078555
361.43320800002243 1087935.4505797806
367.648709000008 1069542.7193788716
425.233999999989 924704.985960695
370.55783299999234 1061146.1018555993
650.8072080000034 604197.3646978999
1556.4722080000024 252632.84366976592
368.30799999998476 1067628.1807617978
369.676625000011 1063675.5840323644
362.38849999998024 1085067.544913874
362.8259169999808 1083759.4052026356
368.2385420000003 1067829.5592426055
366.4840829999889 1072941.5498244488
346.08016699999666 1136199.1743375568
368.06049999998436 1068346.100709032
693.5711660000266 566943.9839429324
365.4149590000202 1076080.741401663
363.3981670000139 1082052.7886701887
362.783042000018 1083887.4877728724
349.071207999998 1126463.5724410769
371.295334000024 1059038.3557041269
362.7848750000169 1083882.011343449
422.5704579999956 930533.5774324387
373.53633399999353 1052684.7436480082
363.8526249999927 1080701.286681683
358.342499999992 1097318.9057954575
362.0738750000214 1086010.417072971
698.4017919999985 563022.6103429025
371.75662499998907 1057724.257099686
725.9244999999908 541676.166047578
695.0734169999748 565718.6570264336
361.5557090000152 1087566.8402182066
378.3127499999921 1039393.9934617806
369.9259159999997 1062958.7790221227
364.3040839999969 1079362.0419583418
360.6269590000011 1090367.7337112194
370.338457999992 1061774.6861170128
361.7206250000038 1087070.995744287
363.5384579999936 1081635.2200074713
350.1022089999992 1123146.298114334
363.4433750000028 1081918.1942716578
362.6110419999975 1084401.6162089258
368.3639580000033 1067465.9978542104
371.5080000000057 1058432.1199004974
362.9412079999952 1083415.14088972
367.1321250000119 1071047.6507605736
419.3882920000078 937594.1281641517
370.3745839999897 1061671.1215800135
370.8279169999855 1060373.24045378
364.6086660000094 1078460.3786679877
369.2092910000042 1065021.9525488473
363.50941699998884 1081721.6325375473
360.32345800001053 1091286.1521216542
368.5419170000159 1066950.5471747546
420.9579169999813 934098.1226872079
363.2659579999995 1082446.5968815072
362.1468340000149 1085791.6267189672
367.50112499998977 1069972.234778903
367.3336660000075 1070460.0105997145
359.36229200001435 1094204.9534790486
420.04104200000825 936137.0930033838
356.97924999999486 1101509.401456823
422.1414579999987 931479.229410349
373.6956670000211 1052235.9093876723
365.48220900002093 1075882.738795577
361.97283300001004 1086313.5687312454
368.15112499999714 1068083.1139657744
370.7488329999933 1060599.4274296397
364.340416999994 1079254.4050911774
352.49370799999724 1115526.2947275164
369.2196670000101 1064992.022756982
362.3165829999948 1085282.9223110818
693.4856249999939 567013.9161139836
370.5280000000073 1061231.5398566162
365.4281670000046 1076041.8476444238
369.15387499999497 1065181.829663864
373.0905419999999 1053942.5574610254
369.2307910000068 1064959.9372117175
370.0001670000006 1062745.4662743418
362.04729199999974 1086090.1564207813
362.694332999979 1084152.5886207402
697.4742080000169 563771.3846473739
363.2341249999911 1082541.4600018917
356.55666700000666 1102814.8858032506
346.3144170000021 1135430.6396086237
360.29958299999976 1091358.4654356935
370.46333300000356 1061416.785342144
362.3972910000077 1085041.223445546
363.4590409999987 1081871.560872801
359.72162500002014 1093111.93064909
367.6643340000112 1069497.2659490763
354.03295900002263 1110676.2520378078
363.1004169999983 1082940.0947782493
369.86325000000875 1063138.876327915
367.3287080000023 1070474.4590776651
646.5417080000009 608183.5017517532
652.649083 602492.2278179313
361.8175000000008 1086779.937399377
365.8252919999825 1074873.7405504999
424.91612499998155 925396.7474169569
363.08475000001295 1082986.823324268
365.26075000000446 1076535.0506453135
367.74608400000375 1069259.5165744743
649.2043750000107 605689.0790361564
365.25708300001725 1076545.8585233826
369.2765829999871 1064827.8772662217
363.2852499999899 1082389.1143392443
652.53204199999 602600.2934580889
370.4236250000008 1061530.5651738578
368.45475000001215 1067202.9604720445
370.1038749999839 1062447.670941076
363.8968329999841 1080569.997705963
360.84445800000253 1089710.5145508351
364.78083299999753 1077951.3736128856
370.3074159999744 1061863.6921925084
370.75991599999725 1060567.7232918644
361.6163750000112 1087384.3862850177
693.1417499999952 567295.2177530825
361.9142919999945 1086489.284042991
371.66883400001893 1057974.099598515
441.58087499999965 890473.3476059177
366.16104200001587 1073888.1390882183
364.2973329999961 1079382.044227055
369.1119169999979 1065302.9119078869
364.2346249999946 1079567.8746906773
363.82304200000704 1080789.1601323932
360.7845000000225 1089891.611197198
362.93095800002106 1083445.739010165
354.3294580000236 1109746.8503450647
368.2223750000162 1067876.442869564
362.7414999999985 1084011.6170882063
365.89208300000564 1074677.529986332
360.5618750000019 1090564.5528940016
363.4478749999914 1081904.7985904699
365.55654099998947 1075663.9695855184
359.75691699999857 1093004.69683534
367.6901659999885 1069422.12862993
368.58995800000116 1066811.4837789442
368.7785829999939 1066265.8248784652
366.6826250000099 1072360.6006692827
362.2244999999964 1085558.8178049908
368.344540999999 1067522.2685056734
367.82545799999866 1069028.778318007
368.88304099997526 1065963.8863691387
369.45558299998993 1064311.9717046223
366.56033299999535 1072718.3620274728
371.116083000004 1059549.8767430023
372.5320419999889 1055522.6280374876
365.27458299997306 1076494.2821111344
361.5995840000039 1087434.8793498494
366.4808329999971 1072951.0648105384
365.0980419999996 1077014.8145576755
371.7905419999852 1057627.7650441567
367.8802919999953 1068869.4353868922
369.3420409999817 1064639.159234027
359.4596249999995 1093908.669158603
370.76416700000436 1060555.5633427633
367.12112500001126 1071079.742414681
371.3194579999879 1058969.5517653504
369.27387500000464 1064835.6859796676
361.35508399999594 1088170.6593064135
360.67966600001 1090208.3956127127
370.17216699999267 1062251.6630214604
364.9100419999911 1077569.6877095248
369.7360839999817 1063504.5293551048
367.25337499999 1070694.0405925764
366.76804100000027 1072110.8603898226
361.5066250000041 1087714.5059236344
371.9934159999809 1057050.9667300675
364.2910000000086 1079400.8086941228
359.4279999999799 1094004.9189268004
349.1952500000366 1126063.42726586
364.4052920000149 1079062.265648941
373.68254200004003 1052272.867486429
360.6692080000471 1090240.007402985
367.1009160000267 1071138.7056303923
360.892750000005 1089564.6975451699
363.1566249999878 1082772.4814328067
361.93899999994983 1086415.1141492198
360.34554200000457 1091219.271973108
365.9142909999673 1074612.3058638207
360.4674169999953 1090850.3278120284
351.57770799997934 1118432.6851576811
362.2267920000013 1085551.9489016666
365.3737079999928 1076202.2318256346
367.5865829999907 1069723.483351431
367.4115000000029 1070233.2398414228
359.8025000000007 1092866.2252207787
369.64575000001787 1063764.4285102182
369.58929200000057 1063926.9278396717
361.5186250000306 1087678.4010781373
362.73754100000133 1084023.4482374643
366.5719999999624 1072684.220289712
370.2047499999708 1062158.170580013
356.97895900000276 1101510.2993787287
360.9333329999913 1089442.1879289532
369.00687500002505 1065606.1624867376
370.55666600002723 1061149.4437397898
366.7627500000208 1072126.3268965501
366.3624170000048 1073297.8650481903
384.4313339999985 1022851.0665574454
375.7198330000051 1046567.0573211254
362.52608299997746 1084655.7487562196
367.67258300000094 1069473.271005358
371.91479200004096 1057274.4307517533
370.79945799996494 1060454.624504972
373.6433330000182 1052383.2898149982
372.0142919999603 1056991.6491273995
422.56141699999716 930553.4868556223
370.4579999999851 1061432.0651734227
363.1877920000193 1082679.563194071
698.1164590000049 563252.7280093783
361.60225000003265 1087426.861973244
369.8217909999926 1063258.0598800029
445.5363750000174 882567.6691380914
362.86604100001796 1083639.568244912
424.82166700000334 925602.5069926505
648.6948749999897 606164.801286593
358.5218329999975 1096770.0257183576
353.1613750000133 1113417.3435585508
370.51458299998785 1061269.9689610135
361.50404199997865 1087722.2778051903
368.55116699996415 1066923.7685524363
371.6742909999766 1057958.566200708
364.81212499995763 1077858.9116248416
371.4562079999837 1058579.6966947373
362.3416249999991 1085207.916700161
369.579041999998 1063956.4350621433
422.613833000014 930438.0720542741
365.7957919999717 1074960.4249138832
365.0519999999915 1077150.6525098046
450.19137500003126 873441.877912416
359.4699999999875 1093877.096837048
361.53395899998486 1087632.268591445
373.3938750000334 1053086.3689179819
372.3922500000185 1055918.8597506538
369.38708299999234 1064509.3401926244
692.2601250000184 568017.694215725
371.1186249999514 1059542.6192906688
367.3344580000162 1070457.7026094913
369.8188330000107 1063266.5643612277
362.9535409999676 1083378.3269248642
368.2778750000466 1067715.5123694309
365.1668340000356 1076811.9209861257
368.31095899998445 1067619.6034666908
423.1625840000106 929231.4936804293
361.44054199996845 1087913.375251729
358.6880000000292 1096261.9323756802
369.06449999997903 1065439.780851375
364.88183300002675 1077652.9945791278
364.82145899998386 1077831.3344775517
371.136416000013 1059491.828470926
404.103541999973 973057.5437520571
369.6185000000014 1063842.8541861365
363.2951249999792 1082359.6931008159
363.1817919999776 1082697.4497664913
367.2456669999633 1070716.513042043
364.00720799997544 1080242.3450912174
366.2528749999865 1073618.8760293403
374.16737499995634 1050909.3691026533
423.2927909999944 928945.6573806976
363.43804200004115 1081934.0700717166
364.60329199996977 1078476.2744271453
368.78862500003606 1066236.790790284
368.1020000000217 1068225.654845605
364.2594159999817 1079494.4007707401
364.44166699999414 1078954.5642156398
360.40512499999977 1091038.8691059824
364.53845799997 1078668.0839035984
361.70366600003945 1087121.9646415117
365.14324999996006 1076881.4704914934
360.8123749999663 1089807.4102919467
350.5575410000006 1121687.4664236628
372.3113749999811 1056148.2307652296
363.0945840000095 1082957.491869363
369.87270799994576 1063111.6908470513
403.89220899999145 973566.68744261
369.1873330000135 1065085.2964123383
362.5158340000212 1084686.4140008213
363.3650419999981 1082151.4305165384
363.3313749999729 1082251.7047971133
423.1842920000304 929183.8270782786
360.97391599997763 1089319.7058593684
364.8645420000207 1077704.0647594023
361.704374999988 1087119.8337040106
375.3282079999849 1047659.0664350381
360.29666700000007 1091367.298160435
420.47929200003864 935161.3919668697
695.2917499999671 565541.0121003429
365.35695800000667 1076251.570936259
370.5728749999935 1061103.0286553137
363.3178329999964 1082292.0437269146
373.86345800001664 1051763.6628717603
368.6453749999714 1066651.1142314766
364.3534579999823 1079215.7762367637
366.0936659999834 1074085.77781845
352.35112500004107 1115977.7054776088
364.44804199999226 1078935.6909208153
369.4664169999555 1064280.762492271
364.56149999997933 1078599.9070116354
349.88683399996034 1123837.6577497756
364.04483399996934 1080130.696209888
363.7369160000503 1081045.0704980013
368.1160410000075 1068184.9096600276
366.21033300002637 1073743.5964155924
367.8546659999711 1068943.896446405
350.6476669999756 1121399.1621966998
370.01029100002825 1062716.3880692443
371.58675000000585 1058207.8074635165
372.4392920000241 1055785.488927346
421.3809579999861 933160.3446589842
362.98508400000173 1083284.1825533474
358.8817500000232 1095670.0918895279
364.11495800001603 1079922.6765080679
423.9586659999759 927486.6432380518
370.90070899995453 1060165.1343838444
696.3467919999857 564684.1552477606
364.737416999958 1078079.6860225757
364.25754199996163 1079499.9544581603
421.7642079999564 932312.397641956
364.04145899996365 1080140.7100174248
365.98504199997706 1074404.5654194376
424.05587500002184 927274.029631071
363.64120799999 1081329.5945271715
693.4147910000092 567071.8379585225
368.5738749999814 1066858.0349055391
363.51204200002485 1081713.8211888263
369.05066700001044 1065479.716366395
372.3171670000056 1056131.800659071
364.28983299998663 1079404.2665473302
364.2489169999976 1079525.5157889805
420.2468750000321 935678.5817859323
357.0221250000145 1101377.1205355523
649.0652499999783 605818.9064967092
369.01441600002727 1065584.386274955
422.7802500000166 930071.8280950554
363.71379199999865 1081113.8006006698
369.08237500000496 1065388.180619556
363.98683300001267 1080302.8141404947
364.56995800000414 1078574.8835618417
371.2867909999886 1059062.723295244
647.3623329999896 607412.5415634993
362.94216700002835 1083412.2781880267
366.1818749999952 1073827.0429141398
367.9574170000137 1068645.397084047
370.19054200004575 1062198.9364600012
369.26658300001236 1064856.7135574974
424.3286249999869 926677.9963289353
418.8717500000507 938750.3454218443
365.865250000013 1074756.3481363317
369.83725000004597 1063213.6162594522
364.63374999999587 1078386.188881321
366.09345900001244 1074086.3851380274
366.33750000004284 1073370.8670282294
691.8261250000342 568374.0260603494
368.8045000000102 1066190.895176141
370.6120830000259 1060990.7718523373
371.27416599997787 1059098.7362153914
367.20399999995834 1070838.0083006846
370.0720420000039 1062539.0609755814
357.5948749999611 1099613.0747121102
368.97166700003936 1065707.844716321
361.67120799996155 1087219.5278537124
364.1190840000377 1079910.43940987
643.5529579999866 611007.9910471147
370.4160829999523 1061552.1788778557
368.52866700002096 1066988.9080839881
365.71212500001593 1075206.3525374853
646.4102079999634 608307.2252473189
650.921124999968 604091.6247725396
368.4287499999641 1067278.2729361872
361.7467500000089 1086992.488529587
365.2203329999679 1076654.1850780102
369.37579199997117 1064541.8798859203
368.027083999948 1068443.1040408309
416.5212920000272 944047.7775142749
421.9665410000175 931865.3537508409
366.11249999998563 1074030.5234047333
369.00354099998367 1065615.7903916088
344.99687499999254 1139766.8457142068
362.3193330000163 1085274.6850248324
369.907875000024 1063010.6212255538
349.96566700004905 1123584.5029333832
370.0657079999701 1062557.2472660227
363.1406250000282 1082820.188459965
371.6434579999941 1058046.3385958653
373.69354200001226 1052241.8929037503
367.5330840000015 1069879.1948754154
369.0404170000079 1065509.3097837889
362.27191699998684 1085416.7313223295
361.94054200001347 1086410.4856205508
365.6380420000005 1075424.2032616492
363.5807499999828 1081509.4033444251
372.94079099996225 1054365.7585582796
351.2944169999628 1119334.6121411365
365.2671669999563 1076516.1381177385
363.53891700002805 1081633.8543473454
360.8612080000171 1089659.9337437826
367.88666600000397 1068850.9161677412
363.7043749999975 1081141.7926990916
368.2888339999977 1067683.7408543385
360.38250000001426 1091107.365091214
359.7842089999972 1092921.7852360026
361.96566699999266 1086335.0749782796
366.07249999997293 1074147.880542868
364.5755420000114 1078558.3636325984
366.2015829999632 1073769.252384798
369.0948749999734 1065352.0995110765
366.9614579999916 1071545.7752514407
694.8356249999961 565912.261623031
694.0079999999966 566587.1286786346
364.2390830000295 1079554.661628577
368.24816600000077 1067801.6519979062
363.6042919999909 1081439.3797089993
369.289125000023 1064791.7129971685
369.68754099996204 1063644.176204576
366.9550000000186 1071564.633265605
370.097874999999 1062464.8952658835
365.13224999998783 1076913.912698791
364.7460839999894 1078054.068978055
372.6052500000492 1055315.2431425701
369.7828749999985 1063369.9573026511
361.247915999968 1088493.4765963738
369.8938339999813 1063050.972620484
421.1820419999981 933601.0579482442
368.80879200003847 1066178.4874151237
367.45016599996916 1070120.621472336
370.9265410000171 1060091.302552496
433.2264999999893 907645.3079394029
368.40345799998886 1067351.5447838493
364.58025000001726 1078544.4356900337
368.4785419999912 1067134.0530868943
376.6894999999977 1043873.0041586038
365.2243329999578 1076642.3933753762
369.06862500001125 1065427.8726618607
371.04525000000876 1059752.1461330948
366.0677089999922 1074161.9387139345
362.7371249999669 1084024.691434702
372.11637499996186 1056701.6837139733
368.76175000003286 1066314.4970972857
361.7917910000301 1086857.1642079276
363.97320800000443 1080343.2542759993
369.40299999997706 1064463.4721429562
373.27525000000605 1053421.0344778916
365.11241699997754 1076972.4109383663
359.2741670000237 1094473.3468687553
446.0840419999954 881484.1217745333
706.1602499999822 556836.7803200618
757.0742909999808 519388.92216326756
979.1270829999803 401598.53284336935
357.84704200000306 1098838.2013787797
694.0390830000069 566561.753698813
365.4476250000016 1075984.5545582578
358.50425000000996 1096823.8172908386
369.37604199999896 1064541.1593857545
408.0724159999818 963593.6774516451
366.02837499998486 1074277.3698897422
358.51345800000445 1096795.6466504394
371.0400839999579 1059766.9010878205
370.0970419999976 1062467.2866204712
362.68100000000913 1084192.4446000482
351.14570899997943 1119808.643311723
359.6858749999683 1093220.577538761
365.21625000000313 1076666.2217247908
357.6391670000021 1099476.892585419
348.8370839999675 1127219.604897387
350.6347919999939 1121440.338983836
363.17816700000094 1082708.2565235784
347.86754200001724 1130361.279868935
352.97199999996565 1114014.7093821557
642.2155829999951 612280.3781296646
368.9428750000161 1065791.0116843504
360.6014160000086 1090444.9693009264
370.17933300001005 1062231.0997572339
357.33058300002085 1100426.3802406664
365.065125000001 1077111.9262624688
365.7381670000177 1075129.793604453
369.9729159999947 1062823.744644069
368.48529100001315 1067114.5079709191
367.5287500000195 1069891.8111847825
424.1805420000446 927001.5030532887
360.73249999998325 1090048.7203121933
366.8256670000005 1071942.4385317056
371.7529169999807 1057734.8072295568
449.1723749999892 875423.3828382911
360.2270419999627 1091578.2385933166
360.29237500002864 1091380.2991250334
365.1139170000306 1076967.986405095
692.9966249999779 567414.0187912352
423.4465839999757 928608.2704590257
374.34570900001063 1050408.727938668
691.4774589999979 568660.6192032085
363.32320799999707 1082276.0323089606
367.28529100003016 1070601.0004630643
361.7773749999742 1086900.4729774161
364.22037500000215 1079610.1124216286
364.52683300001354 1078702.4833367628
360.3489580000314 1091208.927541746
691.1685829999783 568914.7476774307
414.63979200000267 948331.5581057341
370.384667000053 1061642.2196546914
357.4066659999744 1100192.1268027725
365.5774590000078 1075602.4211000153
364.67712500001426 1078257.9247326923
365.5582920000029 1075658.8172263287
369.40737500003706 1064450.8653893566
359.2152079999664 1094652.9858503004
423.1126249999875 929341.212638152
361.6433330000177 1087303.329327464
424.67812499995716 925915.3623701236
371.7058340000108 1057868.7877145037
425.21912500001235 924737.3339569065
364.0070409999794 1080242.8406873103
356.49829200002614 1102995.46680569
360.18762499998047 1091697.695055518
364.65970800003333 1078309.4248514127
364.80616699998336 1077876.515174202
367.6115000000095 1069650.976642433
360.9657499999912 1089344.349152266
368.3942079999838 1067378.34488434
364.38720799998237 1079115.817918666
369.91654199999857 1062985.715302241
375.21129099997097 1047985.5202439268
1622.9742090000059 242281.11440062852
368.04254200001196 1068398.2288112422
368.1124999999952 1068195.1848959357
368.89066699995965 1065941.8499195671
362.85545900000216 1083671.1705638075
367.29029200000696 1070586.4232316616
361.36033299999326 1088154.8529013763
369.95012499994573 1062889.220540357
362.0662910000192 1086033.1651254967
366.0664999999881 1074165.486325607
363.9243750000105 1080488.2195648164
352.67799999996896 1114943.3761108848
348.54983299999276 1128148.5824152099
362.3290000000452 1085245.7297096036
366.9871669999907 1071470.7089471878
358.1695000000309 1097848.9234844567
369.90095900000597 1063030.4962253252
369.55475000002025 1064026.3722763094
370.2916670000036 1061908.8546758904
367.2380830000179 1070738.6248935976
362.4369999999999 1084922.3451248081
371.06337500000564 1059700.3813701475
365.2125830000159 1076677.032236819
369.17358299996295 1065124.9658891207
361.898750000023 1086535.944100318
370.85587500001793 1060293.3012723096
370.61424999996007 1060984.5681865776
364.77404200002184 1077971.441838442
369.82383400004437 1063252.186174547
694.3451669999945 566311.9996916506
364.1343340000276 1079865.2126002768
359.01508399996374 1095263.1728421743
366.72762499995315 1072229.0146537235
361.0286670000278 1089154.507500563
365.4075830000352 1076102.4628215285
362.17924999999696 1085694.4454990264
366.3537499999734 1073323.2565519763
362.05541700002186 1086065.7831283775
365.9570829999552 1074486.6495726444
390.5507080000348 1006824.4454442648
374.70579200004295 1049399.311126621
466.31658300003664 843238.2941868681
421.36945800001513 933185.8124372789
426.34458300000233 922296.2262897986
425.50033399999165 924126.184117185
370.3655420000018 1061697.0409196385
698.3062500000301 563099.6428858872
369.74979199999325 1063465.1012866755
371.6822499999921 1057935.9116557445
368.09391700001015 1068249.1120873077
371.160457999963 1059423.1996557112
365.32599999998183 1076342.7733038971
357.2698339999647 1100613.4931616948
364.5561669999893 1078615.6855769542
366.01020800003425 1074330.6918914218
369.84525000002577 1063190.6182382295
360.56962499998235 1090541.1125521713
363.1639999999834 1082750.492890314
370.2802500000075 1061941.5969390536
367.9696660000218 1068609.8239412396
694.7969579999835 565943.7559022954
366.60275000002684 1072594.245405882
361.2457910000444 1088499.8795735496
368.97175000001425 1065707.6049859775
364.03687499995385 1080154.311290717
360.66541600001756 1090251.4700771333
362.94062500002156 1083416.8812046782
363.3658329999889 1082149.0748141198
363.76599999999826 1080958.6382454706
359.6677080000177 1093275.7966694655
361.6155830000025 1087386.7678429037
367.9456250000044 1068679.6452600716
368.9632500000357 1065732.1562512307
362.6472500000091 1084293.3456685254
697.2907910000004 563919.6803905586
370.8095000000071 1060425.9060245017
362.34908300002644 1085185.5805578823
693.5054580000042 566997.7005429677
368.3581669999967 1067482.7796067395
