493.71374999999995 1592890.6172858262
434.88566700000007 1808364.9558402204
430.83125 1825382.9080411415
425.9055829999998 1846493.7568099461
421.460583 1865968.0922047223
433.2555829999998 1815168.7614836816
426.90358399999974 1842177.0851190616
411.0699160000002 1913134.4070433013
433.9842909999998 1812120.8907997096
431.155167 1824011.539678475
426.01600000000064 1846015.173139034
425.0987500000001 1849998.3827287182
439.2777909999994 1790283.9982183417
421.907708 1863990.5957821468
486.3400000000002 1617041.5758522837
430.7052499999999 1825916.9118556138
432.63533300000034 1817771.0880585876
431.63400000000075 1821988.0732287045
425.2527500000003 1849328.428799107
428.75541700000144 1834220.5574979295
426.30941700000056 1844744.6118695496
434.53879100000137 1809808.5056806759
428.1102919999995 1836984.5684532174
435.91283299999975 1804103.8034776105
434.5452919999992 1809781.4301023458
427.96050000000105 1837627.5380554937
436.5790829999998 1801350.615782938
433.3246250000009 1814879.5490217027
420.483291 1870304.9962572712
437.43299999999863 1797834.182606256
435.855042 1804343.013657279
430.0459169999993 1828716.3507705186
436.79779199999837 1800448.661608626
1160.8562079999983 677458.581502457
427.07237499999803 1841449.004984234
433.0987500000027 1815826.0673806958
436.4024999999998 1802079.5022943278
436.5400000000008 1801511.8889448815
437.86029199999984 1796079.7413436163
430.6211670000017 1826273.440014148
438.0044579999982 1795488.5746847885
425.1834589999994 1849629.808858583
438.1345830000001 1794955.318557905
424.9875000000003 1850482.6612547415
424.78012499999807 1851386.0553150964
425.61791700000026 1847741.762243528
425.7635420000021 1847109.774373298
436.65145800000005 1801052.0418324126
431.96241700000115 1820602.832676524
537.8206659999983 1462256.9375197692
439.4579999999984 1789549.8545936195
418.70566600000103 1878245.4212119454
438.19020799999817 1794727.4622804974
427.2427909999976 1840714.4990306094
421.64612499999873 1865146.9878918072
432.7853329999982 1817141.0628650007
436.5384580000011 1801518.2524880727
410.57266700000025 1915451.4248265815
425.7586660000001 1847130.928393128
423.5007920000022 1856978.8176452713
435.95058300000034 1803947.581829474
426.2113330000012 1845169.1428862072
488.41224999999963 1610180.743828601
424.0890419999985 1854403.0194489267
426.12729100000024 1845533.0522353228
424.85904200000135 1851042.162826318
437.14916700000117 1799001.48362858
424.77620799999727 1851403.1275499428
429.60941599999813 1830574.4024940166
435.33879200000314 1806482.7082995037
437.297583000003 1798390.9140426111
421.2991670000008 1866683.0167266827
1157.0375000000013 679694.4783552816
424.99729200000047 1850440.0258625627
1167.517083 673593.570022307
434.63916700000027 1809390.5467106684
427.0766250000051 1841430.6800330984
419.2104999999984 1875983.545259489
435.9052500000047 1804135.187635367
417.4224579999972 1884019.3787561024
425.47341599999555 1848369.2997637442
438.40237500000256 1793858.8950390504
429.2061250000003 1832294.4482677162
438.81287500000354 1792180.7786519337
429.4039589999983 1831450.2778024063
436.21874999999477 1802838.598753514
428.25745799999737 1836353.308761303
490.3376249999951 1603858.1579376208
491.00324999999856 1601683.8992409976
433.11733300000554 1815748.1589405471
426.36062500000094 1844523.0490034071
424.82837499999704 1851175.7836326386
429.61054199999893 1830569.6045978358
417.6709159999987 1882898.6407088072
434.2865830000022 1810859.535579979
423.1037500000028 1858721.412892216
433.44216599999896 1814387.3893431998
428.405583 1835718.3734461276
424.3886659999987 1853093.7864396276
1163.7161250000006 675793.677775153
1156.055416000001 680271.8875891665
422.06200000000393 1863309.1820632813
421.41795800000637 1866156.8285611316
432.528542 1818219.894491957
430.89841700000164 1825098.3734758
438.33562500000056 1794132.064898898
435.8531250000013 1804350.9496461628
429.0312500000013 1833041.2994391378
429.15637499999804 1832506.857203283
432.0639999999969 1820174.788920173
427.6172499999973 1839102.6086997308
421.3281250000023 1866554.719080279
429.51241599999435 1830987.8147969774
430.3573749999998 1827392.8731905671
426.76099999999906 1842792.5700802128
435.8199589999998 1804488.2611720872
431.368415999998 1823109.8310174004
437.77441600000344 1796432.0692509217
435.8748750000032 1804260.9131806327
422.3592499999995 1861997.8134727743
439.1729170000005 1790711.516029116
436.4238329999992 1801991.4141581755
428.7460839999966 1834260.4850473835
428.6554160000122 1834648.46271761
437.16216699999677 1798947.9862744065
426.8281250000001 1842502.7638466884
434.58587499999624 1809612.4270030793
423.56745799999374 1856686.5446023277
440.3645840000081 1785865.686237805
433.8126250000016 1812837.9735375314
438.51333300000306 1793404.9909492594
432.23970900000097 1819434.8728843841
428.45079100000305 1835524.677558582
436.7166249999883 1800783.2882478908
436.2238329999997 1802817.5915826235
421.2246660000005 1867013.1724907083
433.49012500000583 1814186.6553476609
427.25133300000095 1840677.6977802857
439.0133750000018 1791362.2791105094
426.61462500001335 1843424.84742518
424.51333299999305 1852549.587647493
417.2577499999903 1884763.0751017046
437.1252090000013 1799100.0834728745
436.6668340000075 1800988.6228272296
428.4985839999962 1835319.9505555588
441.3332080000032 1781946.1253865
428.4934160000091 1835342.0860963317
433.47716600000297 1814240.891295286
428.09037499999647 1837070.0345692344
427.1262500000006 1841216.736269426
428.40304199999935 1835729.2616983827
436.35995799999705 1802255.1922603433
435.81783300000154 1804497.0637995836
438.86899999999684 1791951.5846414436
427.7429159999997 1838562.3012865994
435.3349999999949 1806498.4437272656
430.6919160000007 1825973.4413032234
489.79533300000355 1605633.9189332258
429.80099999999766 1829758.4230841815
426.6887920000073 1843104.4235162064
435.00012500000196 1807889.1356640332
418.82466700000975 1877711.7537825957
434.6299160000058 1809429.059181443
428.09041699999284 1837069.8543340978
426.3496250000003 1844570.638475405
423.2089160000072 1858259.5268384814
433.7174169999969 1813235.9208438375
416.20541599999683 1889528.511085031
424.94191699999817 1850681.1602678476
432.1354169999978 1819873.9771426881
429.1193330000027 1832665.0409852194
431.69116699999677 1821746.7952037246
433.5362079999925 1813993.815252482
435.26691700000697 1806781.0101910122
427.11383300000705 1841270.263892359
424.63787500000194 1852006.2535636898
432.2366250000016 1819447.8545171805
424.0235830000074 1854689.2944866847
420.58954200000187 1869832.5123832882
425.3672090000009 1848830.8063257372
432.3577920000048 1818937.9596054356
431.84479100000317 1821098.7289643937
436.87425000000246 1800133.5624610414
437.5179580000008 1797485.0760297216
436.3453340000092 1802315.594372744
433.48675000000014 1814200.7800699784
429.5191249999988 1830959.2151455474
435.03629100000296 1807738.8398844975
431.2267910000003 1823708.5830782705
429.9217920000018 1829244.3291639348
439.4410830000055 1789618.746229037
435.6084169999974 1805364.564385827
494.2978750000009 1591008.2559023718
437.13337500000193 1799066.4748487724
435.0763750000084 1807572.2911867711
422.2487499999943 1862485.0872856595
430.1799169999896 1828146.7100660095
427.92029199999604 1837800.2041557948
425.26408399999127 1849279.1410995717
425.6974999999983 1847396.331902356
415.9112920000041 1890864.7471874657
436.77095799999677 1800559.2761962113
424.8717090000014 1850986.9764004396
431.28579200001127 1823459.0950772138
437.4279169999937 1797855.0737995335
434.7605829999992 1808885.2364980876
490.9891670000093 1601729.8402023301
433.86220799999364 1812630.79728763
427.50191700000073 1839598.7683956951
427.19920800000466 1840902.289313213
441.2827080000028 1782150.0497136973
425.90395800000636 1846500.8019483779
422.1602080000082 1862875.7166046894
427.38183300001253 1840115.6513360196
434.2855419999978 1810863.8762835076
412.4222080000095 1906861.426822054
436.79891600000076 1800444.0285744634
427.04720899999415 1841557.5220397022
426.4348750000124 1844201.8842853252
408.32420800001046 1925998.9601203853
432.6826249999982 1817572.40656475
425.1991670000024 1849561.4785623406
489.371540999997 1607024.3855884639
421.31675000000257 1866605.1136110662
435.06020900001374 1807639.4570940298
411.73620800000776 1910038.477840125
490.4678340000004 1603432.3669837222
428.5928339999998 1834916.3532678206
429.8387089999949 1829597.90157012
421.8511669999998 1864240.4277146407
528.8929589999896 1486939.817627664
430.8682500000032 1825226.156719587
422.4865830000084 1861436.6269709074
427.32404100000565 1840364.5115768004
432.62599999999907 1817810.3026632743
435.1098749999949 1807433.1224958047
431.16562500000555 1823967.2979495754
429.7325829999892 1830049.7358377404
532.4571249999934 1476986.527319002
435.21795900001337 1806984.2563642366
435.65724999999134 1805162.2003306858
429.3411669999898 1831718.1310498898
429.92054200000496 1829249.64771744
438.1767500000109 1794782.584881513
437.2878329999992 1798431.0119143
431.85395899999435 1821060.0681329179
424.4605420000056 1852779.9929162546
430.9361660000093 1824938.4991279268
435.68637500000307 1805041.5278650715
426.92008299999884 1842105.891279896
435.8492909999967 1804366.821833389
429.8276250000015 1829645.081560305
432.8536249999928 1816854.3696498165
433.1937919999973 1815427.6781510408
420.57145900000137 1869912.9081890397
435.7699580000087 1804695.3112816103
424.14512499999546 1854157.8192134318
412.55612500000893 1906242.453678231
436.5180000000066 1801602.6830508434
409.6431250000023 1919797.872843577
425.1505000000009 1849773.1979616592
431.95295800001077 1820642.7006340362
429.61224999999104 1830562.3268424408
440.3024580000192 1786117.6691408923
408.7184579999814 1924141.1406969924
435.8646660000147 1804303.1733156673
429.33349999998427 1831750.841711697
411.0933329999966 1913025.429677806
429.5639579999886 1830768.120448366
433.95075000000816 1812260.953575919
425.4819159999954 1848332.37424833
436.4002080000091 1802088.9669236445
434.26545900001656 1810947.6213257154
435.264042 1806792.944315855
412.38529099999255 1907032.1302997547
432.61158299998215 1817870.882111893
427.36295899999277 1840196.9179551972
434.4712500000014 1810089.850594251
421.97616699999685 1863688.1926082945
429.02579200000446 1833064.619108009
430.927582999999 1824974.8473399575
432.43595800001344 1818609.1731066813
426.15050000000565 1845432.5408511537
436.63512500000934 1801119.412919387
426.3947919999964 1844375.2474350263
431.55704200000855 1822312.9817447965
426.65970800001674 1843230.061930219
431.887708000005 1820917.7650408864
486.52883299999417 1616413.9649253006
1160.0903340000173 677905.8293575854
426.2702919999981 1844913.930807084
530.6032499999844 1482146.9713953375
427.55529199999387 1839369.1171994926
432.8234999999836 1816980.824747339
439.7852079999893 1788218.3977411515
422.7422080000167 1860311.0480039148
434.8248329999933 1808617.9544396263
425.0172080000141 1850353.3155767517
435.33408299998655 1806502.2489866118
421.44754199998147 1866025.831513889
421.44695900000784 1866028.4128423035
423.8141249999785 1855605.9215818725
440.18495800000323 1786594.4433294202
1164.244000000025 675487.2689917089
428.5901249999995 1834927.9512681281
431.1524580000139 1824023.000235278
421.98924999999576 1863630.412386116
430.7874170000048 1825568.6423635518
428.75250000000165 1834233.036542054
416.6899580000063 1887331.2996901837
427.5234590000139 1839506.0749168724
436.89937499999587 1800030.041242351
440.3273749999812 1786016.5973102027
427.1756670000002 1841003.7386328927
425.9281660000056 1846395.854459622
432.7985829999932 1817085.431631398
426.29591700000447 1844803.0315054408
436.9339999999795 1799887.3971813521
435.4782919999991 1805904.024258462
434.8139170000138 1808663.359779202
432.817875000012 1817004.438645188
433.55099999999425 1813931.9249638692
430.0859159999959 1828546.2758562118
430.93379100000107 1824948.5568886336
427.9994169999952 1837460.4468211432
430.011291999989 1828863.6010982245
427.48325000002296 1839679.0985376802
428.78466600001275 1834095.4384781488
431.2347089999946 1823675.0975441772
421.50141700000177 1865787.3218964688
431.3514170000019 1823181.677411753
427.4905839999974 1839647.5371256475
438.1900830000234 1794727.9742521194
425.4290000000083 1848562.274786121
422.889916999992 1859661.2697200223
429.9757500000112 1829014.7758332407
417.31483300000605 1884505.2651171605
1164.158332999989 675536.9761202469
420.58758300001386 1869841.2216320091
428.74741700001096 1834254.7822275974
434.6266670000034 1809442.5853533598
423.758792000001 1855848.2203715509
441.36058300000514 1781835.6017532968
433.7600829999815 1813057.5652809287
439.90787499998873 1787719.758369909
413.67112499997916 1901104.4099344367
429.306500000024 1831866.044422705
413.71654100001365 1900895.7149720876
424.74458300000606 1851540.9765684728
434.8589999999888 1808475.8507930622
439.51245799999583 1789328.119568359
418.88724999998317 1877431.2180665121
438.4840419999989 1793524.7914905918
429.4262499999775 1831355.20942197
434.4903330000136 1810010.3506790227
428.8860419999878 1833661.912457441
416.75429100001793 1887039.958515907
435.20624999999313 1807032.8723450373
421.24658399998793 1866916.0294010183
431.363417 1823130.958738673
437.1867500000235 1798846.831474096
426.79599999999596 1842641.449310695
432.78162500001827 1817156.6318231898
491.63879099998553 1599613.4039797992
423.03629200000614 1859017.8073894156
431.3005829999952 1823396.5614649048
432.7233749999948 1817401.2439240415
435.848749999991 1804369.0615150696
431.57783300000574 1822225.1929236355
422.86566599997855 1859767.919772517
429.11416600000507 1832687.1082601144
428.8642920000143 1833754.9072515783
424.7097920000158 1851692.64945973
436.3667499999906 1802227.1403584643
424.9511659999996 1850640.8804629582
431.8540839999798 1821059.5410278365
420.416208000006 1870603.4283054776
489.1715840000188 1607681.283465496
428.5311249999779 1835180.5834407955
437.54683299999897 1797366.4547127504
409.140457999996 1922156.522589628
426.60624999999186 1843461.036963277
425.8407500000203 1846774.8800460324
423.60433400000375 1856524.914591627
437.3769169999946 1798064.7113117077
433.84091599997987 1812719.7573961338
422.8165830000137 1859983.8124134657
1155.7189579999942 680469.931341218
432.26070800000116 1819346.4856861287
428.2833339999854 1836242.360063506
406.83395900001074 1933053.9710427152
438.3872500000052 1793920.785789255
425.29304199999274 1849153.2245665411
419.41879199998766 1875051.8932399747
423.61587499999587 1856474.3353870006
424.9049999999954 1850841.9529071404
422.37329100001375 1861935.9148823982
437.3583750000023 1798140.9410531945
425.56141699998307 1847987.0791482755
434.89912499998695 1808308.995793044
433.004249999982 1816222.3580947132
438.04791699997736 1795310.4431724546
429.7946669999817 1829785.3844706581
428.2538329999852 1836368.8527687436
432.3700420000023 1818886.4250682655
428.0351660000008 1837306.9842583882
430.2712500000041 1827758.6522455136
437.3397079999961 1798217.6912232423
436.0665829999846 1803467.7057563658
434.86966700001517 1808431.4903480555
434.392124999988 1810419.5604375233
429.80958300000793 1829721.8840743843
410.9032080000077 1913910.586942863
432.64208300001883 1817742.727537593
425.8511250000083 1846729.8871172047
429.1249169999958 1832641.19338008
428.2266669999899 1836485.3490079788
424.0390829999967 1854621.499594192
438.34158299998194 1794107.6788054407
407.424667000015 1930251.316864845
437.31399999998644 1798323.40149189
434.53062500000783 1809842.5168536415
428.5774169999854 1834982.3597915492
433.51341700000035 1814089.1819272097
436.3262500000076 1802394.4238972245
422.42850000002363 1861692.5704585651
404.8204159999784 1942668.8203394413
436.55950000001553 1801431.4200011042
440.1069999999834 1786910.910301426
429.78466700000695 1829827.9589392315
437.3710839999774 1798088.6912040135
429.50887500001045 1831002.9100096729
1176.355583000003 668532.5520319293
423.2519159999981 1858070.7381842153
428.1142920000036 1836967.404956416
433.7507500000015 1813096.576778247
425.9904580000011 1846125.8585280282
422.60354100000086 1860921.4635047235
428.31537500001104 1836104.9962308258
428.17366700001 1836712.672010214
421.76833300001704 1864606.5587858353
426.08512499998596 1845715.6888544885
430.3830409999989 1827283.8961607737
420.05929100000117 1872192.8471759427
434.9506670000096 1808094.7097386164
421.77004199999146 1864599.0034541523
424.76679199998557 1851444.1684509714
419.67845800002124 1873891.7497641973
448.1901659999892 1754683.747344914
664.2695419999995 1183904.9516438623
1068.896499999994 735741.9544361914
893.3643329999938 880303.7808316054
1155.848542000001 680393.6427857684
435.5745420000119 1805504.9691126773
434.69412500002136 1809161.7870380958
429.2332499999816 1832178.6581072966
423.8572090000048 1855417.3039911445
434.4452919999924 1810198.0030203983
434.98637499999404 1807946.2833749924
428.21558300002494 1836532.8848855887
437.2667920000026 1798517.5512710677
433.699292 1813311.698927099
434.39275000000066 1810416.9556236812
419.98508300000026 1872523.6486553964
425.43045900001175 1848555.9352015702
430.22512499999266 1827954.608648236
433.5697089999826 1813853.6518473239
430.62366599997404 1826262.8417641297
425.3134589999945 1849064.4567164055
487.94291699999803 1611729.5130241704
431.2120419999985 1823770.9604594084
422.71691700000247 1860422.3497400163
1166.157333000001 674378.9862186626
435.1602909999883 1807223.7202360476
433.64299999998934 1813547.088273117
408.0136249999953 1927465.044825425
429.38716599999793 1831521.904406439
432.7845420000074 1817144.384052392
436.639624999998 1801100.8506156618
438.29041600000096 1794317.1269343894
435.9553749999918 1803927.7529265806
425.8592090000093 1846694.8310139347
526.5922919999753 1493436.21611544
426.8485000000055 1842414.8146239002
420.37941600000295 1870767.145268584
440.2951659999985 1786147.25013811
426.433166999999 1844209.2708984849
435.7444999999984 1804800.7490628173
420.2003750000074 1871564.2507458166
433.6520839999878 1813509.0986903275
434.1527089999886 1811417.9266816936
1161.406917000022 677137.3482357046
421.0716659999889 1867691.5677342694
431.15029099999447 1824032.1679384187
437.4882499999728 1797607.1357346142
428.9075829999831 1833569.8205644244
493.4280419999766 1593812.9434484742
434.6795840000084 1809222.3075284457
433.81283400000825 1812837.1001582332
424.7579170000222 1851482.8529963784
433.2343330000299 1815257.7949078328
430.4951670000037 1826807.9650705887
425.4216250000127 1848594.320986801
424.3921249999971 1853078.6828337244
435.0527080000006 1807670.6236707275
428.7012080000068 1834452.4935418132
435.89691599999014 1804169.6812555972
426.0962500000005 1845667.498833888
418.8951670000165 1877395.7351481428
427.54179199999953 1839427.196862198
434.7116249999772 1809088.956385837
491.0617920000391 1601492.9542715012
433.8079999999991 1812857.300925759
435.4601669999738 1805979.190744322
427.85654199997225 1838074.033702752
437.02983299999687 1799492.7133498588
434.6729170000003 1809250.0573252863
433.77866600002335 1812979.8942208875
488.8862079999967 1608619.7301765676
1154.6637089999763 681091.8138936816
430.0102079999988 1828868.211426279
425.21883400002025 1849475.9336082526
435.00620899999376 1807863.8505134792
436.06941600000937 1803455.9892179715
429.60204100000965 1830605.8280574656
430.72316600000704 1825840.9625452724
432.9031670000063 1816646.4464788463
490.2416670000207 1604172.0909046412
439.9540000000002 1787532.3329257143
433.2319999999754 1815267.5702626875
436.77533300001414 1800541.240729761
428.8312920000408 1833896.0208153962
426.70712499995034 1843025.23657202
431.2350420000257 1823673.6893008642
431.333167000048 1823258.817469774
431.7769999999541 1821384.6499468095
439.7272090000115 1788454.2596043434
429.18670800003156 1832377.3438014819
426.089042000001 1845698.7213484787
426.66741600004343 1843196.7628854977
427.31291699999474 1840412.4207647336
430.68937499998583 1825984.2142612082
435.591708000004 1805433.8169357271
423.84662500001014 1855463.6361678736
428.57779100000926 1834980.7584872802
428.09895899995354 1837033.1986723784
427.9051249999952 1837865.344566763
422.98595799996974 1859239.0246677084
429.48262499999146 1831114.8210012352
425.9101670000405 1846473.8833058316
436.52583299996195 1801570.3551731578
423.1306659999632 1858603.1767313892
424.60983300003363 1852128.5634003151
427.36829199998283 1840173.9546929973
423.9587089999759 1854973.0983354908
426.37887499995486 1844444.0991596577
428.9278340000351 1833483.2521032796
424.5877500000006 1852224.8934407525
436.6088339999692 1801227.8697962752
1163.866832999986 675706.1698999455
433.1407089999857 1815650.165544763
429.8950419999983 1829358.1529605153
425.54408299997704 1848062.354564668
424.1052080000145 1854332.3334995997
437.81920899999704 1796248.27744825
1161.0601670000165 677339.574943827
429.9949589999983 1828933.068957218
441.55891700000893 1781035.258767029
422.0827500000155 1863217.5799649977
427.04450000002225 1841569.2041460762
1162.8263750000087 676310.7690948221
420.75862500001904 1869081.1150929215
426.28162500000144 1844864.8824588612
436.94079199997304 1799859.4189394168
437.93862500001524 1795758.4809971321
418.5431669999957 1878974.6482708869
435.45045799999116 1806019.4576716141
1170.1067500000022 672102.7803659781
429.67974999999115 1830274.7569556541
423.06224999998676 1858903.7428889594
430.67687499996055 1826037.2117729145
430.8941250000089 1825116.552703019
426.33166600001005 1844648.3400554662
436.21204199996555 1802866.322521335
432.74716700000226 1817301.325048295
437.7884159999894 1796374.6212965557
428.08716700000105 1837083.8012063045
438.36320900004466 1794019.1691586962
431.22724999994944 1823706.6419158163
425.04758300003687 1850221.084541332
420.92558399997415 1868339.7490993284
436.0751250000021 1803432.3787672964
425.24891699997625 1849345.097803139
410.7990840000184 1914395.7000643283
427.62083299999176 1839087.1990093503
429.6287090000419 1830492.1983226296
429.3887499999869 1831515.1479865834
1164.0105830000493 675622.7232686308
420.6607919999783 1869515.8069308265
416.4587500000039 1888379.101171467
1165.1573330000247 674957.774136056
428.3137919999831 1836111.7822702078
422.1373339999559 1862976.6586816085
431.4258750000022 1822867.0220579514
429.4793330000175 1831128.8566706607
443.3570830000235 1773811.7426218232
377.57274999995616 2082862.17689198
429.32333300001346 1831794.2202316206
428.1920409999884 1836633.8574705578
430.6450830000017 1826172.0173872202
433.4677909999982 1814280.1295240948
429.49391700000206 1831066.6784135064
415.22379200000614 1893995.5155555932
429.8191670000051 1829681.0853946647
429.9582909999913 1829089.0452907116
424.72791699998425 1851613.6296263973
430.68266699998503 1826012.6544633554
429.1013330000055 1832741.9178630002
432.06241699999737 1820181.4577174964
486.9555419999756 1614997.5350317287
1163.4731670000065 675934.797901528
409.3513330000178 1921166.3346408738
435.87791700002754 1804248.3212104328
426.57770799996797 1843584.3815824972
1164.744374999998 675197.0791874409
437.83754099996486 1796173.0695908123
433.12437499997714 1815718.637400727
434.69616699997005 1809153.2884394038
424.89612500003204 1850880.6122906879
435.2903749999655 1806683.6419253754
433.0262920000223 1816129.9083427468
484.9307920000001 1621740.6957321032
429.0724169999862 1832865.4297999893
428.78583299994943 1834090.4467337958
1162.3197920000052 676605.530950123
427.8620000000046 1838050.5864040076
430.525375000002 1826679.7862959793
435.02150000000483 1807800.3041228796
433.99475000001075 1812077.219828075
434.7499170000333 1808929.6150456534
434.92129099996646 1808216.834342241
424.14445800000067 1854160.7350201397
425.53566700001966 1848098.9044802294
1172.7679169999874 670577.689413385
440.72462500002985 1784406.7596630135
421.6020840000283 1865341.8231204646
434.2935419999776 1810830.5188660636
426.14712499999996 1845447.1563078128
425.7229159999838 1847286.0408576876
425.27016700000786 1849252.6892910067
526.6775000000052 1493194.602009754
486.28054200003135 1617239.2931155968
418.0790830000092 1881060.383018451
427.9567920000318 1837643.460043372
428.88904199998024 1833649.086329504
430.7419159999881 1825761.4845173825
435.25975000000017 1806810.7607009371
1159.0558750000355 678510.8612645408
424.7548330000086 1851496.2959820733
411.77079199997024 1909878.0566253879
418.52808300001243 1879042.3676300275
424.04587499999025 1854591.7938714016
427.51629200000707 1839536.912899654
428.932207999992 1833464.5553127003
437.07154099996615 1799320.994912503
1171.233041999983 671456.4666456971
428.68912500000533 1834504.1992842488
1167.717959000015 673477.6954817647
423.173166999959 1858416.509665123
424.99979199999416 1850429.1409159345
433.59616699996195 1813742.9706570008
490.5576250000081 1603138.8769056173
435.77329100003226 1804681.508119188
429.3735409999613 1831580.0227664027
438.1689169999845 1794814.66961297
426.79283299997905 1842655.1225616261
428.2137910000188 1836540.5704552974
435.3394170000229 1806480.114801915
439.1902500000242 1790640.8441443238
432.62700000002496 1817806.100867386
1158.5385000000201 678813.8676444385
433.4304589999647 1814436.3961279981
410.7905000000187 1914435.7038440865
427.95941700001094 1837632.1883810302
484.43604099998083 1623396.967691822
433.92741599996043 1812358.4060428939
435.8011659999761 1804566.0758971975
436.69837499999176 1800858.544527478
423.7535419999858 1855871.2129892388
433.16187499999614 1815561.4457066588
415.342709000015 1893453.2446552988
487.01083299999937 1614814.182172414
424.16150000002517 1854086.238378432
411.07033399998727 1913132.4616580685
420.9837500000049 1868081.6064752876
427.05879199996843 1841507.573973698
434.2654579999703 1810947.625496048
428.79866600003425 1834035.5564444251
426.4186670000072 1844271.9816484647
422.4106249999977 1861771.351040245
424.0977499999872 1854364.942987846
425.7665420000194 1847096.7594254133
422.9982090000135 1859185.1768336326
430.4975839999656 1826797.708579156
427.4714580000136 1839729.8469456525
428.17579199999045 1836703.556561688
430.15283299996554 1828261.816887913
426.6581659999815 1843236.7236117404
482.46149999999943 1630040.9462723988
432.83370799997556 1816937.9728624194
426.6740000000482 1843168.3205442824
432.49237499998117 1818371.9423955954
408.45775000002504 1925369.2701385927
427.18754200001285 1840952.562235479
491.2482919999661 1600884.9553415938
423.1115829999794 1858687.0026671859
1169.4689580000386 672469.3243204271
436.25829100000146 1802675.1954612075
1165.5287080000107 674742.7108419132
422.1064579999734 1863112.9306248368
430.397916000004 1827220.7433271883
436.11849999996366 1803253.014949069
443.1545830000232 1774622.2879521903
433.3017079999877 1814975.536630062
532.9100000000153 1475731.3617683612
435.89370800003735 1804182.959208791
407.4816250000026 1929981.5053009936
527.7652920000264 1490116.9362989499
426.6005000000064 1843485.8843343789
429.72683400000733 1830074.2187302797
430.60579100000496 1826338.6522825258
434.2160409999565 1811153.7247424694
436.45816600002263 1801849.664556303
436.36904199996707 1802217.674277772
425.6156249999776 1847751.7125928856
425.2950829999804 1849144.3504415879
435.702249999963 1804975.7603961576
436.74554199998283 1800664.0580661746
423.51375000004055 1856922.0007613087
438.20525000001 1794665.8557832935
436.85879200000954 1800197.259163741
431.4885830000321 1822602.1057895324
430.61245800004144 1826310.3758134288
434.0190420000454 1811975.7980570765
438.7549580000041 1792417.3520108522
435.5842919999873 1805464.5551819461
421.3647500000093 1866392.4782506905
436.47016699998176 1801800.1216565
431.75387499996987 1821482.2044157796
424.48029199999837 1852693.7877247857
436.6826250000031 1800923.496784408
428.71195800000805 1834406.4944416252
434.733499999993 1808997.9263158066
434.14612499998384 1811445.3975606237
426.804833999995 1842603.3103458458
433.64370900002314 1813544.1231547026
424.9967079999806 1850442.5686046395
409.6673330000158 1919684.4284383536
429.36841599998843 1831601.8847553546
437.71158300000934 1796689.9450316424
429.303042000015 1831880.7999501026
432.4373749999495 1818603.2139337906
430.6315830000358 1826229.266607077
411.4134580000268 1911536.885115578
429.33937499998365 1831725.7763745289
435.80383399995526 1804555.0283067971
420.7511669999917 1869114.2453801334
426.06275000002825 1845812.6179769244
427.25570900000776 1840658.8453566707
436.11383299997897 1803272.3121626778
439.4417909999788 1789615.8629119503
441.2072920000014 1782454.6743891928
433.33358299997826 1814842.0312949514
434.69883400001663 1809142.1887733196
436.6071669999769 1801234.7470238425
430.0730830000248 1828600.8380579231
428.04499999999734 1837264.7735635387
435.897333000014 1804167.9553014718
422.4188750000053 1861734.989943312
425.0422079999794 1850244.4820727971
438.9474579999728 1791631.2890460996
430.1567500000374 1828245.168766808
437.13291599999593 1799068.3639115554
433.39987500002053 1814564.4365955638
428.3289589999981 1836046.7661025072
437.64154100000496 1796977.4948763172
420.8007919999659 1868893.8209034163
1164.4323750000467 675377.99264639
439.20499999995855 1790580.7083254384
438.81312500002423 1792179.757613122
430.2879169999869 1827687.8548742142
432.3142910000115 1819120.9876057026
430.0379160000034 1828750.3746529964
432.39466699998275 1818782.8389660304
528.7686669999516 1487289.3366808968
435.2091670000391 1807020.760663181
429.33308300001727 1831752.6208432636
424.4238750000022 1852940.0590388463
441.49212500002477 1781304.7061710465
427.23012499999413 1840769.0702990824
435.69004099998665 1805026.3398148778
431.43479200000456 1822829.3465956536
428.7503749999928 1834242.1274850506
488.82049999997434 1608835.9633035874
429.09124999999904 1832784.984545832
435.95404199999166 1803933.2687274753
435.67520900001 1805087.7896060916
426.77395799995566 1842736.6179641208
489.0401659999952 1608113.3098584947
432.30562500002634 1819157.4537110224
433.5575840000274 1813904.3786164061
429.956250000032 1829097.727966372
422.2997499999792 1862260.1599930825
431.7077080000331 1821676.9944722406
429.8145829999953 1829700.5990604293
490.5527500000062 1603154.8085297453
428.7780420000331 1834123.7725973367
428.9137910000136 1833543.2818945546
433.12454099998376 1815717.9415054882
435.47520900000336 1805916.809376843
426.32220900003404 1844689.259432734
427.66929199996184 1838878.8129311611
433.7193750000097 1813227.7350994118
433.6651670000151 1813454.3879563482
434.53354199999694 1809830.3674794466
427.8776250000078 1837983.4654826496
424.2596670000012 1853657.2320460475
428.2625420000272 1836331.5090021344
428.13404100002117 1836882.6691824794
436.7745829999876 1800544.3324984466
424.43991700002925 1852870.0258886013
439.0248750000296 1791315.3554225075
430.0421670000105 1828732.2973144185
436.96400000004587 1799763.8249373345
434.3299589999674 1810678.6872605742
427.06816599996955 1841467.153513044
423.95820799998774 1854975.2903947143
480.9247499999856 1635249.5894628495
429.86824999997 1829472.1696707187
439.9653750000425 1787486.1175153248
437.1592089999581 1798960.1587006152
427.29087499998286 1840507.359301861
429.64766699998336 1830411.4287208046
421.39595800000507 1866254.2558132238
525.1696249999895 1497481.8850195603
424.3427499999939 1853294.3004210896
415.72133299996494 1891728.7557145073
435.507624999957 1805782.3901477675
427.07208299998456 1841450.2640296167
422.6652090000016 1860649.9500175256
423.14816699996527 1858526.30669688
427.3741249999716 1840148.8391466194
438.0170409999664 1795436.995338408
427.64929099996607 1838964.8166166663
431.49154100001397 1822589.6113221245
432.06345799995916 1820177.07223015
428.1829159999688 1836672.9979485152
441.4482920000182 1781481.5783678861
434.93837500000154 1808145.8091620386
433.74175000002424 1813134.1979414157
429.8498329999916 1829550.5537628427
441.2623339999868 1782232.3352892918
431.21491699997705 1823758.8009972342
430.9511249999787 1824875.1526058528
429.6797080000374 1830274.9358597393
435.42974999996886 1806105.3476480562
435.9392920000005 1803994.3047849862
426.7716669999686 1842746.5101615048
430.9921669999994 1824701.3756052812
426.55658400002494 1843675.679848266
429.4508330000326 1831250.3773859027
427.81208299999207 1838265.0496573623
444.5614159999991 1769006.4222757504
432.49987499996223 1818340.4099251328
427.8474579999738 1838113.059444771
430.4598330000431 1826957.9173486352
433.5187500000188 1814066.8656199204
428.22154200001705 1836507.3282557295
440.66937500002723 1784630.4840220662
431.99462500001573 1820467.0949319599
421.58087500001784 1865435.6652207403
427.10204200000135 1841321.0958143757
427.3514160000218 1840246.6226997592
438.2077079999931 1794655.789121839
440.14179199996306 1786769.6599010213
489.8722080000084 1605381.9489183729
437.14820899998585 1799005.4260980065
436.20116700003564 1802911.2700652995
439.7840830000064 1788222.9721351434
428.04370900000777 1837270.314840641
437.403125000003 1797956.976187572
428.8701670000137 1833729.7870382646
432.0949579999933 1820044.3801522262
423.8384590000237 1855499.384967224
427.58845800000245 1839226.4460983076
437.59933300003695 1797150.8196972813
434.9895419999825 1807933.1203784011
431.66854200001126 1821842.2782357384
427.8084169999943 1838280.8022218284
429.2441669999789 1832132.06016621
417.0704160000014 1885609.6472687658
433.6789160000194 1813396.8956885256
422.8807910000114 1859701.4022327128
427.8098330000262 1838274.7177294353
425.76850000000377 1847088.2651017937
434.140124999999 1811470.432501492
436.81237499998815 1800388.5535523607
440.34029200003033 1785964.2060643996
425.7151670000212 1847319.6657331234
428.717416999973 1834383.1363400137
429.590208000036 1830656.2518294973
429.9021249999555 1829328.0127426246
431.0008749999952 1824664.5090917943
432.794666999996 1817101.8729304427
428.8274589999901 1833912.4127776953
425.84191700001384 1846769.819045255
427.93479199997364 1837737.932745717
427.7108750000025 1838700.03305386
422.9115829999728 1859565.9982196577
410.03241699996806 1917975.1829233083
429.5627920000129 1830773.089862905
529.6559589999674 1484797.7949400328
422.16883300000063 1862837.6576534223
426.52925000004416 1843793.831255227
438.70862500000385 1792606.6532199888
426.7140420000146 1842995.3612821887
427.573332999998 1839291.506984613
427.07133299995803 1841453.4978869145
426.42795799997657 1844231.798704069
434.28191600003174 1810878.9959376124
427.97412499999155 1837569.0352775778
434.4772079999757 1810065.0287737164
426.5649999999823 1843639.3046781442
426.16391600000725 1845374.4450761678
425.7839580000109 1847021.2069379557
426.96704200000113 1841903.2914488935
438.25662500000817 1794455.4745749373
1159.6795000000384 678145.9877491789
489.93266700000504 1605183.840496988
431.20999999996457 1823779.5969482725
426.9892920000302 1841807.3116455209
435.87487500002453 1804260.9131805445
423.700292000035 1856104.4560241536
432.0737079999617 1820133.8925257395
412.10554200000615 1908326.6781206944
428.6159160000125 1834817.5386001698
423.51587500002097 1856912.6836153688
428.4938750000151 1835340.1200891663
422.5632089999749 1861099.0811555644
423.3701249999626 1857551.9470110685
433.70854099998724 1813273.0293637984
488.28562500000317 1610598.3050391765
437.7414159999944 1796567.496825592
423.90066699999807 1855227.0879064307
402.5422499999536 1953663.2490132172
430.19083300004013 1828100.3212356379
427.7358749999962 1838592.5660315654
438.3747919999905 1793971.7665152994
421.02675000001 1867890.8169136078
428.773791000026 1834141.9566849233
423.2337500000085 1858150.4901251004
434.9377920000279 1808148.2328395816
425.82779100001744 1846831.0820041518
415.0511250000477 1894783.4438466094
431.0084169999868 1824632.58020324
437.4458330000266 1797781.440976607
413.8895840000032 1900100.9699243698
428.69312499999523 1834487.082105664
428.43604099999766 1835587.8701624083
1165.1290829999539 674974.1393246392
430.4104999999936 1827167.3204998756
424.7847500000148 1851365.8976692844
429.40570899997965 1831442.8139101367
426.3090839999677 1844746.0528428701
430.4273329999546 1827095.8642863021
432.16862500003117 1819734.137340357
409.76645900002495 1919220.040408315
484.7004579999634 1622511.3614397685
486.4841249999472 1616562.5137307108
435.2440000000115 1806876.1430369613
428.80283299996336 1834017.7337402694
434.9321669999995 1808171.6177134374
431.5629590000185 1822287.9966859396
428.43799999997145 1835579.477077319
427.9169580000257 1837814.522882154
485.43233300000566 1620065.1389242974
431.8954590000317 1820885.0859900853
429.2004590000147 1832318.6369191955
417.8090409999413 1882276.166446361
431.7810830000326 1821367.4266038667
429.0456670000822 1832979.7046985428
425.87279100007436 1846635.9359404643
409.0818750000835 1922431.7870349046
431.60724999995637 1822100.9957550054
436.5804170000729 1801345.1116380896
433.2978339999727 1814991.7638407801
408.5760420000497 1924811.8322118954
431.8830419999813 1820937.4379650545
429.8517910000328 1829542.2200530972
426.0783749999746 1845744.9289700442
