1.5206910902634263 59257268.34132373
1.3609009329229593 66214959.38463086
1.3048520777374506 69059168.8800847
1.3183039845898747 68354492.63094953
1.3159170048311353 68478482.81401576
1.3575530610978603 66378252.59450702
1.3791999081149697 65336431.26699533
1.3913889415562153 64764062.23209822
1.407662988640368 64015322.36564469
1.3563970569521189 66434824.182297654
1.29335792735219 69672901.90464182
1.3079219497740269 68897077.54776108
1.2796330265700817 70420189.32688498
1.3619139790534973 66165706.047474466
1.270271954126656 70939140.0064046
1.2443240266293287 72418436.09184237
1.4168289490044117 63601184.93013613
1.401214045472443 64309946.286341436
1.3592069735750556 66297482.099420674
1.3658989919349551 65972667.47546673
1.3184589333832264 68346459.42954662
1.2501280289143324 72082217.11360022
1.2867869809269905 70028684.88386793
1.3330059591680765 67600598.01701
1.290778978727758 69812106.86342126
1.3710400089621544 65725288.40220549
1.3281309511512518 67848731.27298857
1.2980620376765728 69420410.87750572
1.374781015329063 65546439.02936868
1.350756036117673 66712268.97419526
1.241047983057797 72609601.90916598
1.311742002144456 68696435.6197206
1.4309620019048452 62973020.862920284
1.3847840018570423 65072964.36061996
1.403933041729033 64185397.25300669
1.3237219536677003 68074718.97729152
1.3669870095327497 65920158.2543211
1.3028649846091866 69164495.98730326
1.321254065260291 68201871.51685143
1.2902100570499897 69842890.70419839
1.32871198002249 67819061.88463414
1.3323469320312142 67634035.72568053
1.3059499906376004 69001110.79751596
1.3352170353755355 67488653.61402135
1.2525588972494006 71942325.58475655
1.3442119816318154 67037045.66790716
1.1343049118295312 79442484.16826257
1.3067669933661819 68957970.66918176
1.3537179911509156 66566301.540683374
1.174801029264927 76704052.6482881
1.2511039385572076 72025990.18585023
1.4119809493422508 63819557.93523791
1.3412539847195148 67184888.93723164
1.3320109574124217 67651095.1344218
1.4102819841355085 63896441.28882348
1.364906900562346 66020620.13377877
1.4406309928745031 62550368.86315959
1.1672709370031953 77198872.29553573
1.2356970692053437 72924021.78953902
1.2984529603272676 69399510.61245051
1.3150760205462575 68522274.44811076
1.3008499518036842 69271632.65452395
1.4605160104110837 61698741.648601755
1.3115489855408669 68706545.46146357
1.2896480038762093 69873329.5667937
1.3170100282877684 68421650.60592113
1.3386699138209224 67314577.7533733
1.2622519861906767 71389865.8792743
1.3337930431589484 67560706.25963022
1.270017004571855 70953380.68357465
1.1861720122396946 75968745.73853181
1.2051670346409082 74771378.08274832
1.4020600356161594 64271142.255615845
1.26814900431782 71057895.95164669
1.306514022871852 68971322.48295704
1.2384640285745263 72761095.93890993
1.3361440505832434 67441830.06365594
1.3219780521467328 68164520.47268787
1.3222109992057085 68152511.25133051
1.2085010530427098 74565098.45243415
1.3891999842599034 64866110.726316474
1.3060219353064895 68997309.74185595
1.2400660198181868 72667098.81560326
1.2748109875246882 70686557.36563054
1.3513120356947184 66684820.10054238
1.4514540089294314 62083951.29685516
1.3165620621293783 68444931.38003297
1.3351209927350283 67493508.44630444
1.2312100734561682 73189784.54021563
1.3089199783280492 68844544.733059
1.3788570649921894 65352676.71164338
1.2149970280006528 74166436.56181157
1.3421439798548818 67140337.66313453
1.3236700324341655 68077389.2223641
1.2486149789765477 72169565.09192458
1.1759529588744044 76628915.57010339
1.3282441068440676 67842951.10791628
1.2351510813459754 72956257.22304568
1.432059914804995 62924741.53378606
1.2751119211316109 70669874.9393145
1.3298270059749484 67762197.33478442
1.2988619273528457 69377659.0893332
1.340557006187737 67219819.51089095
1.2193259317427874 73903127.66595767
1.3854990247637033 65039381.76020628
1.2710379669442773 70896387.31771302
1.2719259830191731 70846889.8371751
1.2540030293166637 71859475.53021796
1.3073459267616272 68927433.93725388
1.276219030842185 70608569.39308806
1.2716600904241204 70861703.2794873
1.1215800186619163 80343799.37287644
1.28988700453192 69860382.8733822
1.222027000039816 73739778.2512694
1.176749006845057 76577077.58904026
1.355494954623282 66479037.559415966
1.1626520426943898 77505562.01765217
1.262019039131701 71403043.22349937
1.3478259788826108 66857295.68345731
1.4206960331648588 63428064.76291704
1.2965010246261954 69503994.43454425
1.2585620861500502 71599169.39469646
1.3081430224701762 68885434.12465775
1.2637199833989143 71306936.01729225
1.4428209979087114 62455425.954163626
1.152302953414619 78201656.719677
1.3336429838091135 67568308.0809413
1.3149130390956998 68530767.67872983
1.2057630810886621 74734416.24920169
1.3471361016854644 66891533.741287686
1.4894339255988598 60500837.56737882
1.1977209942415357 75236219.81516989
1.2992749689146876 69355603.82208586
1.340735936537385 67210848.56778382
1.3604880077764392 66235056.4539541
1.4400390209630132 62576082.09792705
1.2909220531582832 69804369.5043694
1.2512060347944498 72020112.99026683
1.5371759654954076 58621785.67888181
1.3402689946815372 67234264.43317196
1.3285879977047443 67825390.6821954
1.2548980303108692 71808224.91025588
1.2051319936290383 74773552.17219311
1.4149310300126672 63686496.435938135
1.3785680057480931 65366379.91326359
1.3894970761612058 64852241.538322926
1.3140010414645076 68578332.2512184
1.306000049225986 68998466.0057293
1.4243979239836335 63263220.53881019
1.2511310633271933 72024428.6480753
1.3540140353143215 66551747.35990189
1.43685401417315 62714791.559291236
1.3413019478321075 67182486.49802113
1.2892900267615914 69892730.20775722
1.2622240465134382 71391446.11363624
1.2025879696011543 74931732.46185574
1.3518239138647914 66659569.39789197
1.2949140509590507 69589174.61221497
1.267002895474434 71122173.69184245
1.2876209802925587 69983326.9100087
1.3598590157926083 66265692.95308695
1.4674110570922494 61408832.6270088
1.310467952862382 68763222.94121988
1.364213996566832 66054152.960440956
1.4558120165020227 61898101.52585369
1.2283410178497434 73360735.08132489
1.2793920468539 70433453.31213422
1.3491020072251558 66794059.69111491
1.2196219759061933 73885188.83734097
1.3220179826021194 68162461.61994947
1.3092730659991503 68825978.58318616
1.2234760215505958 73652444.68444492
1.323699951171875 68075850.5129683
1.327098929323256 67901494.00990921
1.4334620209410787 62863193.22282483
1.4099329710006714 63912258.138090655
1.2662890367209911 71162268.16062604
1.3835940044373274 65128932.12243014
1.3242439599707723 68047884.47136952
1.2836429523304105 70200206.24614088
1.3891600538045168 64867975.258292735
1.3218509266152978 68171076.01591565
1.4418719802051783 62496533.14379344
1.3375679263845086 67370036.48373641
1.3116570189595222 68700886.51031788
1.5546869253739715 57961508.86026397
1.182690029963851 76192406.90035602
1.1373469606041908 79230000.2737335
1.3177230721339583 68384626.41021384
1.32967799436301 67769791.16900305
1.37210707180202 65674175.0347907
1.2493690010160208 72126009.1507941
1.297282986342907 69462099.59480727
1.326652942225337 67924320.77137333
1.2418830301612616 72560778.92319596
1.3780250446870923 65392135.17738475
1.3594630872830749 66284992.09941137
1.4008269645273685 64327716.61445231
1.3722790172323585 65665946.114763014
1.291140099056065 69792581.04204157
1.2452040100470185 72367258.1142727
1.3474180595949292 66877536.15762738
1.226714113727212 73458028.23300561
1.30933104082942 68822931.09229036
1.3139599468559027 68580477.06524365
1.2864479795098305 70047138.66030943
1.509777968749404 59685597.395915486
1.347244018688798 66886175.5925265
1.3237269595265388 68074461.54321025
1.3957179617136717 64563187.17096676
1.2569240061566234 71692480.65803215
1.416135928593576 63632309.71019428
1.3869800604879856 64969931.84479927
1.422762987203896 63335918.07662484
1.3876809971407056 64937114.64354872
1.4313299907371402 62956830.7679992
1.3608760200440884 66216171.54888263
1.4283249620348215 63089284.57822691
1.194545067846775 75436249.68661183
1.330435974523425 67731181.15080959
1.2709859292954206 70899290.01020034
1.2318870285525918 73149564.78263861
1.5099489828571677 59678837.51243539
1.2534110574051738 71893413.95036909
1.2865059543401003 70043982.07097456
1.4047400327399373 64148524.210730344
1.306217978708446 68986954.29770488
1.3525030808523297 66626095.922245584
1.3464400544762611 66926113.56920142
1.276548020541668 70590372.27738872
1.2903750175610185 69833962.04486641
1.4917580410838127 60406579.028413065
1.3835820136591792 65129496.560655266
1.2799709802493453 70401596.1224728
1.3720799470320344 65675473.35337314
1.3113790191709995 68715450.44007577
1.2813099892809987 70328024.2516223
1.2944809859618545 69612455.4761559
1.3085759710520506 68862643.05124983
1.3303039595484734 67737902.56971458
1.4072509948164225 64034063.8108806
1.3682270655408502 65860413.28189878
1.2739290250465274 70735494.85750107
1.182735082693398 76189504.58017305
1.564446953125298 57599907.63508032
1.2964950874447823 69504312.72176947
1.4316909946501255 62940956.06993843
1.344226999208331 67036296.7363924
1.3554099714383483 66483205.7450293
1.3232959900051355 68096631.95582591
1.3869069516658783 64973356.64210371
1.397693995386362 64471908.94247957
1.3366800267249346 67414787.53205271
1.2503209291025996 72071096.23021078
1.3526930706575513 66616738.086930595
1.2731760507449508 70777328.82838503
1.352872932329774 66607881.52869516
1.3295249082148075 67777594.4197962
1.3363260077312589 67432647.0327306
1.3104659738019109 68763326.78716408
1.485078944824636 60678255.73450628
1.3200530083850026 68263925.33300315
1.3240630505606532 68057181.99132852
1.4507289743050933 62114979.156023346
1.5342229744419456 58734617.78446977
1.3096570037305355 68805801.62845501
1.4838329516351223 60729208.0289094
1.2613290455192327 71442103.32753015
1.342801027931273 67107485.11924143
1.3107870472595096 68746483.41116819
1.3940409990027547 64640853.50751003
1.3417979935184121 67157649.985533
1.382559072226286 65177685.2144884
1.2684400426223874 71041592.01226525
1.206314074806869 74700280.6996403
1.3405249919742346 67221424.8443732
1.4031210448592901 64222541.83283007
1.3555369805544615 66476976.49911482
1.3327100314199924 67615608.70370755
1.2655380414798856 71204497.25448434
1.380803994834423 65260529.616881385
1.4831610023975372 60756721.525399804
1.4332919381558895 62870652.93616346
1.2391679920256138 72719760.82330681
1.2897590640932322 69867312.82509221
1.3912280555814505 64771551.75133278
1.3347020139917731 67514695.45662604
1.3708160258829594 65736027.51832271
1.1674039997160435 77190073.0354861
1.3433480635285378 67080157.73909342
1.248910091817379 72152511.69031034
1.3913760194554925 64764663.71417329
1.3891250127926469 64869611.56853844
1.335854991339147 67456423.47727123
1.3557879719883204 66464669.89071082
1.4601880684494972 61712598.4981411
1.3181400718167424 68362992.61868434
1.2561411131173372 71737163.17299023
1.4874719781801105 60580637.02836948
1.411737990565598 63830541.220965214
1.4363579684868455 62736450.08906098
1.4727429952472448 61186507.27982037
1.2902470771223307 69840886.75556543
1.4662690227851272 61456662.181156486
1.3218249659985304 68172414.89453013
1.208915957249701 74539507.44847965
1.5170370461419225 59399999.64349572
1.1038579978048801 81633688.55341513
1.3320640427991748 67648399.10447572
1.7169739585369825 52483032.46065746
1.2534549459815025 71890896.66835923
1.40199507586658 64274120.18141457
1.4726169174537063 61191745.75001635
1.3159200316295028 68478325.30401896
1.5610749833285809 57724325.20048455
1.2923229951411486 69728698.11866026
1.370004960335791 65774944.33152516
1.3292459771037102 67791816.9790852
1.3444829965010285 67023532.640065685
1.2918770080432296 69752770.14681928
1.4852010644972324 60673266.50516814
1.3751500518992543 65528848.92491845
1.2533620465546846 71896225.23492327
1.4095170190557837 63931118.80292499
1.2427300680428743 72511321.90107363
1.3602420222014189 66247034.37272327
1.4330539852380753 62881092.358170696
1.3433319982141256 67080959.9710259
1.3396750437095761 67264073.04750471
1.4700531028211117 61298465.90376238
1.2619340559467673 71407851.76163058
1.3692299835383892 65812172.595819816
1.390252960845828 64816981.181019016
1.3076710747554898 68910295.3637246
1.4359470224007964 62754404.302005135
1.3826590729877353 65172971.24104528
1.1712160194292665 76938838.3570023
1.3955750036984682 64569800.806972496
1.270076958462596 70950031.33438376
1.3615660136565566 66182615.52959854
1.349052065052092 66796532.42035579
1.2859250418841839 70075624.2120961
1.1956049129366875 75369379.15273674
1.2607630342245102 71474176.7912219
1.1544820154085755 78054052.63771825
1.332795014604926 67611297.32069974
1.277041039429605 70563119.91370994
1.226381049491465 73477978.18415909
1.356886001303792 66410884.85946057
1.36783707421273 65879191.095814325
1.2668789131566882 71129134.01918381
1.328593003563583 67825135.13039698
1.2988969683647156 69375787.45252532
1.502722967416048 59965810.03546434
1.3177150394767523 68385043.27595921
1.5207279939204454 59255830.33931713
1.42534205224365 63221315.79444632
1.415017992258072 63682582.47812111
1.3596679782494903 66275003.48725947
1.3898300239816308 64836705.52881292
1.3476730091497302 66864884.42537941
1.2568229576572776 71698244.72968657
1.3427629601210356 67109387.6404495
1.4177430421113968 63560177.91898259
1.252231071703136 71961159.59448312
1.3131399173289537 68623304.19693281
1.3835190329700708 65132461.39198532
1.3356819981709123 67465160.21283486
1.3936769682914019 64657737.80453163
1.388052012771368 64919757.45208817
1.3612080365419388 66200020.555949494
1.3676329981535673 65889021.48577845
1.5635249437764287 57633874.2523351
1.3441889313980937 67038195.22325208
1.4008709695190191 64325695.913978025
1.3990930747240782 64407437.666555114
1.2519180309027433 71979153.40752885
1.5274028992280364 58996876.3615307
1.3423869386315346 67128185.92518681
1.4150259084999561 63682226.21133922
1.442526001483202 62468198.08263216
1.3589090667665005 66312016.16339191
1.3123489916324615 68664662.04839887
1.301096985116601 69258480.36756799
1.31716497708112 68413601.61252624
1.4632128877565265 61585023.446700476
1.2859920971095562 70071970.27302042
1.3120248913764954 68681623.79561265
1.2065100017935038 74688150.00791252
1.3701730640605092 65766874.538427286
1.3579969527199864 66356555.38071059
1.3403129996731877 67232057.0060667
1.3100850628688931 68783319.91868375
1.3961800141260028 64541820.602130145
1.3182359980419278 68358017.9374937
1.451713964343071 62072834.05224902
1.4036200009286404 64199712.13033553
1.367987017147243 65871970.1798901
1.2930999509990215 69686801.80552275
1.5240749344229698 59125701.73862043
1.3176270294934511 68389611.00748114
1.386997988447547 64969092.061093375
1.3722480507567525 65667427.948107496
1.471628900617361 61232828.440782346
1.1729690013453364 76823854.59176335
1.2210729764774442 73797391.0944745
1.5756679931655526 57189712.8017197
1.3362569734454155 67436130.7673138
1.293970039114356 69639943.17957795
1.3339159777387977 67554479.82020153
1.3395400019362569 67270854.07658327
1.319879898801446 68272878.52616645
1.2041489826515317 74834593.80713315
1.2112350668758154 74396789.24787845
1.3837270671501756 65122669.15872952
1.4346640091389418 62810525.270013236
1.5359999379143119 58666669.03799513
1.449292991310358 62176523.684508055
1.1155700776726007 80776637.70616677
1.4471280155703425 62269542.8672805
1.3330209767445922 67599836.44073257
1.428741030395031 63070912.140799254
1.4148299815133214 63691044.98592473
1.3141509843990207 68570507.55184683
1.5024900203570724 59975107.174811415
1.4407519483938813 62545117.568957575
1.397646963596344 64474078.466946356
1.246249070391059 72306573.49395163
1.3411090476438403 67192149.77955404
1.3264321023598313 67935629.6034176
1.4616920379921794 61649100.944532976
1.1962238932028413 75330379.63213454
1.2272230815142393 73427562.89167337
1.6416480066254735 54891182.29749613
1.2679669307544827 71068099.5019171
1.5189440455287695 59325424.30727297
1.4815039467066526 60824677.65294638
1.3598259538412094 66267304.095390595
1.2661799555644393 71168398.77616745
1.1809230782091618 76306409.50522572
1.2418499682098627 72562710.71931274
1.2975659919902682 69446949.56268232
1.4906000578776002 60453506.30692079
1.355457934550941 66480853.22533733
1.3555909972637892 66474327.56774556
1.385323004797101 65047645.70281434
1.4047750737518072 64146924.07613207
1.229178044013679 73310779.05179144
1.3707559555768967 65738908.25232668
1.3497519539669156 66761896.31373467
1.3200209941715002 68265580.9247625
1.2314110063016415 73177841.95435925
1.2742120306938887 70719784.3289302
1.3323109596967697 67635861.84152478
1.4697399456053972 61311526.7564441
1.3863309286534786 65000353.189497374
1.3315370306372643 67675173.82289626
1.2723449617624283 70823560.20428497
1.379912020638585 65302713.97903952
1.5616350574418902 57703622.60412634
1.457272912375629 61836049.53796917
1.3399739982560277 67249066.11417872
1.4887130819261074 60530132.43049659
1.4672690303996205 61414776.79485772
1.5717130154371262 57333622.05118469
1.3939279597252607 64646095.49675783
1.3391990214586258 67287982.2611071
1.3692519860342145 65811115.06070754
1.5579579630866647 57839814.76718915
1.3753629755228758 65518704.22841785
1.46465003490448 61524594.85373025
1.340928953140974 67201174.0733339
1.4147330075502396 63695410.73763345
1.366125070489943 65961749.730339475
1.2909560464322567 69802531.42547922
1.4112169155851007 63854109.88546642
1.3810030650347471 65251122.37729372
1.393878017552197 64648411.74426911
1.3981409138068557 64451300.37332446
1.4315459411591291 62947333.65457759
1.4143940061330795 63710677.22944056
1.3627209700644016 66126523.31587834
1.498023048043251 60153947.642999336
1.4024360571056604 64253909.86165361
1.341409981250763 67177075.80793263
1.3594350311905146 66286360.092607826
1.4219490112736821 63372173.88637867
1.3579290825873613 66359871.92225314
1.3795989798381925 65317531.62833512
1.4379690401256084 62666161.430101864
1.325434073805809 67986783.93807644
1.3509260024875402 66703875.589093275
1.2837359681725502 70195119.73967518
1.184391905553639 76082924.56024303
1.4682610053569078 61373284.22618933
1.3145309640094638 68550686.49364372
1.5512160025537014 58091200.61400373
1.367534976452589 65893744.25636424
1.332162064500153 67643421.4735062
1.326087978668511 67953259.09709175
1.4645589981228113 61528419.21390702
1.4024670235812664 64252491.13515319
1.305478042922914 69026055.61886187
1.3671870110556483 65910515.00000843
1.4418059727177024 62499394.30486978
1.3708870392292738 65732622.325076364
1.3682929566130042 65857241.72918218
1.447583083063364 62249967.586872935
1.296736067160964 69491396.34658931
1.411259057931602 63852203.10441923
1.5624540392309427 57673376.456151076
1.406133989803493 64084931.20388416
1.371375983580947 65709186.305493616
1.378543907776475 65367522.56614468
1.3199159875512123 68271011.82945834
1.2116109719499946 74373707.47391935
1.3546759728342295 66519228.07154337
1.4743818901479244 61118493.52067061
1.6294659581035376 55301554.20054146
1.4362669317051768 62740426.59536586
1.4499550452455878 62148133.692474015
1.3349130749702454 67504020.81574379
1.3771650847047567 65432968.7855241
1.444958965294063 62363016.642248616
1.333719934336841 67564409.64857134
1.3575679622590542 66377524.002591796
1.3108949642628431 68740823.98407318
1.2460260186344385 72319517.13075522
1.3547830749303102 66513969.40771152
1.2854330707341433 70102444.11133344
1.383711933158338 65123381.42110139
1.42253702506423 63345978.63695765
1.3028040993958712 69167728.31908207
1.3242530403658748 68047417.86743654
1.4717120211571455 61229370.08365856
1.3213660567998886 68196091.11061555
1.4445199631154537 62381969.305326775
1.3339730212464929 67551591.04776904
1.2953609693795443 69565165.33237998
1.2990339891985059 69368469.76236428
1.4593160012736917 61749477.09841474
1.3245019363239408 68034630.62507808
1.259807962924242 71528361.9821181
1.194146927446127 75461400.87863295
1.3450159458443522 66996975.22428327
1.4620500151067972 61634006.408062354
1.2899419525638223 69857407.0103682
1.300240051932633 69304125.70052782
1.4534230576828122 61999842.04438402
1.3702819123864174 65761650.34760275
1.4500969555228949 62142051.713711955
1.4847019920125604 60693661.41137209
1.4373749727383256 62692061.36818197
1.2925879564136267 69714404.774451
1.4945450238883495 60293934.648791045
1.3660569675266743 65965038.16612643
1.468381960876286 61368228.70407907
1.4989989576861262 60114784.962291114
1.3533970341086388 66582087.68674352
1.3268169714137912 67915923.55348083
1.3286949833855033 67819929.42458126
1.311260974034667 68721636.4891354
1.3275700621306896 67877396.88508366
1.3023560168221593 69191525.84704116
1.3670600019395351 65916638.5324363
1.3254539808258414 67985762.84319924
1.3567509595304728 66417494.94777201
1.326519064605236 67931175.96603617
1.4172960072755814 63580225.68145038
1.3558290665969253 66462655.37452843
1.4224130427464843 63351500.08608337
1.2847259640693665 70141028.14157383
1.3716870453208685 65694285.22882985
1.3899579644203186 64830737.5522548
1.5102189499884844 59668169.30795837
1.4726970111951232 61188417.79061689
1.132854027673602 79544228.82271208
1.275769085623324 70633472.00953099
1.4007550198584795 64331020.57282233
1.2935129925608635 69664549.57796644
1.3503578957170248 66731938.46298914
1.3486529933288693 66816297.77692279
1.6086139949038625 56018411.057890534
1.3633600901812315 66095524.32184032
1.39976991340518 64376294.373113886
1.4908959856256843 60441506.89840559
1.2440379941836 72435086.72670083
1.412175945006311 63810745.621783905
1.3688890030607581 65828565.93815473
1.334507018327713 67524560.5773737
1.395567087456584 64570167.07396618
1.350131002254784 66743152.96034873
1.3606459833681583 66227366.340314135
1.3176320353522897 68389351.1862795
1.3492669677361846 66785893.49236862
1.4079359825700521 64002910.0154889
1.3650149339810014 66015394.965088494
1.332259038463235 67638497.7683803
1.5147029189392924 59491533.86665626
1.2465500039979815 72289117.73373666
1.4373449375852942 62693371.39864704
1.4674740377813578 61406197.09786374
1.3175299391150475 68394650.72082235
1.5996210277080536 56333342.985065036
1.3567580608651042 66417147.315522306
1.341787981800735 67158151.08066922
1.4604160096496344 61702966.418191075
1.2439230922609568 72441777.5991378
1.3275169767439365 67880111.19904616
1.3601969694718719 66249228.62090193
1.3423339696601033 67130834.8270569
1.4352150028571486 62786411.66696968
1.3647610321640968 66027676.55016477
1.3625449500977993 66135065.85124552
1.282298006117344 70273836.1676543
1.3974440516903996 64483440.24291865
1.4923069393262267 60384360.365358464
1.4672409743070602 61415951.14773669
1.4701980398967862 61292422.89448721
1.4605940086767077 61695446.82826757
1.3778870925307274 65398682.147819355
1.3799950247630477 65298786.14270562
1.3089650310575962 68842175.20096223
1.325168996118009 68000383.54653397
1.4244799967855215 63259575.5667658
1.3768920907750726 65445942.06309562
1.4339439803734422 62842064.427462585
1.3172590406611562 68408716.29529387
1.3697859831154346 65785459.26937411
1.2711950112134218 70887628.73131748
1.6273870132863522 55372200.50566057
1.3913060538470745 64767920.581408374
1.2536629801616073 71878967.01582736
1.3088480336591601 68848328.97526914
1.328713959082961 67818960.8711514
1.375227002426982 65525182.27243325
1.3325519394129515 67623630.52032204
1.3564620167016983 66431642.67814266
1.3957950286567211 64559622.40152236
1.236564014106989 72872895.35518005
1.4017500216141343 64285356.59748719
1.3715480454266071 65700943.03329455
1.41334708314389 63757870.28869956
1.4073619386181235 64029015.9391977
1.3681340496987104 65864890.958487876
1.3120529474690557 68680155.15214203
1.3174540363252163 68398591.1579504
1.4502329286187887 62136225.30680175
1.3776810374110937 65408463.60877289
1.4036570210009813 64198018.92611842
1.5237430343404412 59138580.43591016
1.2131619732826948 74278622.29819646
1.5815779333934188 56976009.905915
1.4555110828951001 61910899.242870584
1.3711979845538735 65717716.19786796
1.408737967722118 63966473.58465683
1.2288440484553576 73330704.6677483
1.3285370077937841 67827993.85441524
1.7033359035849571 52903246.98161069
1.3421759940683842 67138736.20020115
1.3080149656161666 68892178.12393373
1.5992349945008755 56346941.074863195
1.347936107777059 66851833.31768423
1.3706089230254292 65745960.41669585
1.3678589602932334 65878137.01251943
1.3638309901580215 66072703.033063576
1.4092110795900226 63944998.23703913
1.3665680307894945 65940368.843503855
1.3725660974159837 65652211.70014791
1.417489955201745 63571526.32321459
1.473837997764349 61141048.159085356
1.2345389695838094 72992430.55112207
1.4578249538317323 61812633.789228626
1.4687440125271678 61353101.17448609
1.4312920393422246 62958500.09856308
1.4201289741322398 63453391.65765724
1.357093919068575 66400710.174758784
1.2805680744349957 70368769.76630755
1.303639030084014 69123429.04783441
1.3544660760089755 66529536.32144188
1.3176319189369678 68389357.22861062
1.3129300205036998 68634274.9367776
1.3538460480049253 66560005.20354008
1.4014190528541803 64300538.669339955
1.3155039632692933 68499983.66865689
1.3576779747381806 66372145.439994715
1.2448150664567947 72389869.32933915
1.4632990350946784 61581397.81331132
1.380232977680862 65287528.59637566
1.3405049685388803 67222428.9464738
1.228824956342578 73331843.99851832
1.4520250260829926 62059536.4276108
1.4477770309895277 62241628.42147743
1.3498610351234674 66756501.33997515
1.362600945867598 66132348.04605519
1.3656480005010962 65984792.54312624
1.403680071234703 64196964.71200579
1.4769850531592965 61010773.133586474
1.3602619292214513 66246064.86750371
1.3932529836893082 64677413.97645178
1.5715620247647166 57339130.48292889
1.3161529786884785 68466205.26573963
1.1643290054053068 77393932.11168154
1.2754229828715324 70652639.32842001
1.4938359381631017 60322554.637965396
1.4087200397625566 63967287.64871451
1.4192790258675814 63491391.30335281
1.4314049622043967 62953533.33219234
1.4571499777957797 61841266.4263371
1.3203190173953772 68250171.97568354
1.3584300177171826 66335401.03260645
1.4350319979712367 62794418.6104526
1.356359920464456 66436643.13609554
1.3130949810147285 68625652.60158378
1.3056459138169885 69017180.7274778
1.3990759616717696 64408225.477853455
1.343271927908063 67083959.79087825
1.5102920588105917 59665280.94636635
1.3027950190007687 69168210.413573
1.469545066356659 61319657.398060225
1.5942200552672148 56524191.69002105
1.4595090178772807 61741310.876625806
1.3197240186855197 68280942.62446928
1.3880800688639283 64918445.28374506
1.2472009984776378 72251385.39015988
1.4392449520528316 62610606.95156232
1.5480678994208574 58209333.087851964
1.3730749487876892 65627881.478401005
1.4043230330571532 64167572.473571055
1.2808379251509905 70353944.26611565
1.4876649947836995 60572777.0136192
1.22289196588099 73687621.2405909
1.402141060680151 64267428.240271665
1.3553979806602001 66483793.90096729
1.0984239634126425 82037540.14982995
1.2215570313856006 73768148.09684883
1.5115930000320077 59613930.46811668
1.287380000576377 69996426.82009637
1.2018500128760934 74977741.8434743
1.354602980427444 66522812.44174232
1.2932970421388745 69676181.93185642
1.5370019245892763 58628423.6593133
1.4612929662689567 61665937.00240567
1.297465991228819 69452302.1097884
1.3281850842759013 67845965.94768053
1.2433790834620595 72473472.65090911
1.3152409810572863 68513680.2288212
1.51388393715024 59523717.63031472
1.5121089527383447 59593589.36193864
1.4397510094568133 62588599.978823625
1.4146899338811636 63697350.09902853
1.2439849087968469 72438177.79683052
1.1996569810435176 75114804.83497573
1.2649080017581582 71239963.59794457
1.4225420309230685 63345755.72542312
1.337234047241509 67386857.3611972
1.4951640041545033 60268973.67085641
1.3356900308281183 67464754.48658638
1.327742007561028 67868606.61698098
1.500006066635251 60074423.70025566
1.3736310647800565 65601311.96103124
1.4002160169184208 64355784.32984751
1.3078999472782016 68898236.58723062
1.4013960026204586 64301596.287916
1.3601420214399695 66251905.00665458
1.3066059909760952 68966467.79698458
1.3966819969937205 64518623.562100045
1.3675029622390866 65895286.87561652
1.4356729807332158 62766382.88057681
1.441397937014699 62517086.84045457
1.4274780405685306 63126715.3952929
1.2871170183643699 70010728.40642855
1.3867539819329977 64980523.707884215
1.5178940957412124 59366460.580371946
1.3463390059769154 66931136.66020093
1.3953989837318659 64577945.84241689
1.315720030106604 68488734.63809684
1.3018070021644235 69220706.18008436
1.3034340227022767 69134300.95462753
1.3232959900051355 68096631.95582591
1.3489379780367017 66802181.76609766
1.5963359037414193 56449272.22948479
1.3239110121503472 68064997.70225237
1.4341920614242554 62831194.24779993
1.3810319360345602 65249758.27767169
1.3205470750108361 68238385.21565811
1.567472005262971 57488746.01743342
1.4005870325490832 64338736.47680088
1.2838509865105152 70188831.06124556
1.4922639820724726 60386098.62770491
1.3290130300447345 67803699.4091524
1.3146939454600215 68542188.32541221
1.3595180353149772 66282313.039799124
1.2699509970843792 70957068.58523196
1.178088947199285 76489979.99194087
1.259737997315824 71532334.65371798
1.4053789200261235 64119362.199003935
1.2792269699275494 70442542.34657326
1.3535800389945507 66573085.745956965
1.369152101688087 65815916.207481265
1.4959090622141957 60238955.88052603
1.4112259959802032 63853699.02246621
1.3931660214439034 64681451.17880942
1.3491850113496184 66789950.40855001
1.3931180583313107 64683678.07100064
1.5050920192152262 59871422.37787263
1.397951040416956 64460054.31858543
1.3552119489759207 66492920.21671889
1.4483750564977527 62215929.22063679
1.4504030114039779 62128938.84767403
1.4343980001285672 62822173.47760045
1.3343860628083348 67530681.34596013
1.2144779320806265 74198137.0098849
1.3592200120911002 66296846.13116213
1.4556740643456578 61903967.520714454
1.3446049997583032 67017451.23378085
1.333011081442237 67600338.2526305
1.2037459528073668 74859649.40512697
1.3899770565330982 64829847.06579166
1.2864279560744762 70048228.9540535
1.3337030541151762 67565264.78810784
1.5069189248606563 59798837.55745691
1.3895840384066105 64848182.98814688
1.1669580126181245 77219573.47705214
1.3942989753559232 64628893.51044462
1.3594829943031073 66284021.48288207
1.3353260001167655 67483146.43174797
1.4041410759091377 64175887.69821813
1.3161100214347243 68468439.97264504
1.3093259185552597 68823200.33764523
1.3737209374085069 65597020.14151013
1.4136329991742969 63744974.86450474
1.3024029321968555 69189033.41840738
1.3890929985791445 64871106.60853699
1.4970579650253057 60192726.07021384
1.2889110948890448 69913278.2372063
1.3310230569913983 67701306.54512197
1.2941949535161257 69627840.65505724
1.3033079449087381 69140988.78320728
1.389852026477456 64835679.11066513
1.7456680070608854 51620353.71875671
1.3833579141646624 65140047.32781967
1.3277180260047317 67869832.47576912
1.359316986054182 66292116.5000495
1.4585560420528054 61781650.75726147
1.5291799791157246 58928315.32630244
1.3994670007377863 64390228.53164367
1.2859569396823645 70073886.00605705
1.308502978645265 68866484.42580989
1.3430489925667644 67095095.18918048
1.3601050013676286 66253708.28677899
1.4138950500637293 63733160.38976042
1.422352041117847 63354217.096057095
1.4072259655222297 64035202.73772018
1.583728939294815 56898625.6196872
1.2528669321909547 71924637.5530212
1.4924700371921062 60377761.53250911
1.4555829111486673 61907844.14258373
1.5238219639286399 59135517.22779861
1.4151920331642032 63674750.76758322
1.3870398979634047 64967129.01504257
1.4722510240972042 61206953.518852115
1.2896739644929767 69871923.0448501
1.573464018292725 57269819.29829913
1.5250470023602247 59088014.90087781
1.3629019958898425 66117740.13960969
1.536614028736949 58643223.55176555
1.4681359753012657 61378510.92539896
1.4882109826430678 60550554.357528515
1.6309620114043355 55250827.03944116
1.4012709725648165 64307333.673703015
1.3407430378720164 67210492.58105627
1.2326670112088323 73103278.64751601
1.3468930264934897 66903605.72628264
1.373998005874455 65583792.41798821
1.2981549371033907 69415442.96790136
1.3225370785221457 68135707.8477487
1.4633940299972892 61577400.312455095
1.3843560591340065 65093080.212593704
1.3951110886409879 64591272.14577609
1.310931984335184 68738882.77712494
1.2586050434038043 71596725.65453795
1.2835280504077673 70206490.59548959
1.6150979790836573 55793519.13444037
1.5739960363134742 57250461.83156554
1.512099988758564 59593942.64263044
1.3397899456322193 67258304.4034399
1.2931929668411613 69681789.42398174
1.2635720195248723 71315286.03639376
1.4054719358682632 64115118.701627575
1.3915239833295345 64757777.14185475
1.3403219636529684 67231607.36276011
1.4183740131556988 63531902.84381512
1.2914560502395034 69775506.47835715
1.4059609966352582 64092816.383708924
1.4147429028525949 63694965.22534523
1.3542120577767491 66542015.69282997
1.5367950545623899 58636315.70942285
1.348407007753849 66828486.860289216
1.3930500717833638 64686834.89936571
1.3284638989716768 67831726.6052566
1.2593789724633098 71552727.15387924
1.467849942855537 61390471.443352886
1.2685219990089536 71037002.17292327
1.3886450324207544 64892033.526316166
1.4640300069004297 61550650.99436081
1.4127428876236081 63785137.9677292
1.4010000741109252 64319768.18929513
1.3216800289228559 68179890.76632985
1.3729319907724857 65634715.05190735
1.534824026748538 58711616.725794025
1.4157879631966352 63647948.94607009
1.480867969803512 60850799.5563956
1.4602530281990767 61709853.19656191
1.335102948360145 67494420.64425148
1.5210589626803994 59242936.80318958
1.4775039162486792 60989347.64842492
1.46298308391124 61594697.15746019
1.233575982041657 73049411.88207811
1.3232359196990728 68099723.30594914
1.4981110580265522 60150413.760848746
1.1601930018514395 77669835.84300113
1.3652520719915628 66003928.39437264
1.2877009576186538 69978980.34233366
1.3658839743584394 65973392.82959662
1.2824649456888437 70264688.56160323
1.3450940605252981 66993084.457460664
1.523468061350286 59149254.445237
1.3828770024701953 65162700.54316863
1.437692902982235 62678197.69651703
1.3990100705996156 64411258.99928512
1.273744972422719 70745715.94076875
1.3659469550475478 65970350.94738599
1.5020589344203472 59992319.83182785
1.419353997334838 63488037.634871855
1.1944849975407124 75440043.35385439
1.4655209379270673 61488033.140939325
1.3333039823919535 67585487.77326733
1.2812430504709482 70331698.55389842
1.4057430671527982 64102752.56239639
1.3127749552950263 68642382.02940784
1.4389919815585017 62621613.70934403
1.171958982013166 76890063.03378259
1.3416430447250605 67165406.14457285
1.4745340449735522 61112186.80041822
1.3052580179646611 69037691.21488723
1.3151130406185985 68520345.56482948
1.3486749958246946 66815207.72534072
1.278726034797728 70470137.89334017
1.3392569962888956 67285069.44499967
1.3017129385843873 69225708.16419539
1.2761940015479922 70609954.20029896
1.3406069483608007 67217315.34375723
1.3494279701262712 66777925.1615541
1.41596095636487 63640172.841587596
1.3276849640533328 67871522.56729196
1.302974997088313 69158656.30681199
1.3309590285643935 67704563.45091036
1.4466489665210247 62290163.049510166
1.3416449073702097 67165312.89686084
1.4118979452177882 63823309.82576792
1.3171280734241009 68415518.44365321
1.405426999554038 64117168.6815422
1.2031389633193612 74897416.46417004
1.5346090076491237 58719843.00290475
1.3133740285411477 68611071.97322412
1.344864023849368 67004543.50922025
1.5402010176330805 58506648.786974914
1.3279790291562676 67856493.2288522
1.3625900028273463 66132879.158822134
1.4797169715166092 60898132.36894981
1.4933689963072538 60341416.10199859
1.3951959554105997 64587343.19759439
1.320712035521865 68229862.05648775
1.460823928937316 61685736.5319532
1.3451839331537485 66988608.60517028
1.5219170600175858 59209534.05894455
1.3135540066286922 68601671.14961444
1.3250429183244705 68006853.78096846
1.288583967834711 69931026.80876969
1.1905379360541701 75690154.2328508
1.3302209554240108 67742129.33014321
1.5354990027844906 58685808.220383026
1.348852994851768 66806390.57327581
1.4375359751284122 62685039.92879237
1.4840939547866583 60718527.76528141
1.4264419442042708 63172567.496441826
1.486356952227652 60626083.03136483
1.4306550147011876 62986533.49271708
1.3239880790933967 68061035.76227391
1.3293370138853788 67787174.40254007
1.5197079628705978 59295602.97215668
1.3720280257984996 65677958.690061145
1.570196938700974 57388979.54708139
1.4470849419012666 62271396.37124927
1.3499590568244457 66751654.092364475
1.573760062456131 57259046.1212774
1.3810050440952182 65251028.868643954
1.3784979237243533 65369703.101576045
1.470700022764504 61271502.417341836
