3.4141939831897616 52786690.17851852
2.413423964753747 74675648.63531514
2.3562900023534894 76486340.739039
2.647810964845121 68065281.99815877
2.355176955461502 76522487.86744973
2.429487998597324 74181885.27955402
2.5344040477648377 71110997.53764385
2.5503860088065267 70665381.38841863
2.4825719883665442 72595679.33761382
2.5603669928386807 70389909.14352693
2.4112120736390352 74744151.27990107
2.3056439822539687 78166447.80683585
2.5900620967149734 69582887.69546553
2.5850320234894753 69718285.2523118
2.6234060060232878 68698478.08010247
2.550965058617294 70649340.88030484
2.3489310406148434 76725964.65532064
2.3807970574125648 75699018.29258236
2.6660569710657 67599455.65902865
2.640416962094605 68255886.31919365
2.4587290827184916 73299657.64293782
2.424251986667514 74342106.75753391
2.410740009509027 74758787.46323398
2.3111829068511724 77979116.00408243
2.7863839641213417 64680245.9103413
2.7246850077062845 66144893.62633429
2.457225928083062 73344497.11777087
2.3009340511634946 78326451.7767763
2.8337889816612005 63598242.9059875
2.46042397338897 73249164.35103694
2.592303091660142 69522734.66008267
2.369189984165132 76069880.93169248
2.580816042609513 69832175.9569396
2.5437820004299283 70848838.44981216
2.6091020554304123 69075105.59998743
2.221264992840588 81135749.48548879
2.868836047127843 62821296.52561799
2.5349019560962915 71097029.83445643
2.631617011502385 68484129.42015086
2.2392430109903216 80484341.85814188
2.7335750637575984 65929779.06092777
2.665559994056821 67612059.15523589
2.454106928780675 73437712.87486012
2.4322050157934427 74099016.66583262
2.6627479819580913 67683461.30431375
2.58760096039623 69649069.8366424
2.5417800061404705 70904641.45780207
2.356015960685909 76495237.30201355
2.2731369826942682 79284267.23601449
2.4534109979867935 73458544.10365292
2.515565021894872 71643546.65109974
2.4079179856926203 74846403.02155468
2.5660989340394735 70232677.94133602
2.5958940386772156 69426562.6080163
2.5278039975091815 71296667.05867507
2.6893559843301773 67013813.362788185
2.6209609350189567 68762566.27560017
2.4880330311134458 72436337.35816845
2.5098820915445685 71805763.54847454
2.49742204323411 72164014.28355043
2.3229930084198713 77582670.00665258
2.793363993987441 64518623.562100045
2.3898539366200566 75412140.14731325
2.5055030127987266 71931264.53226015
2.494206069968641 72257060.94214818
2.497122040949762 72172684.01165253
2.3979099933058023 75158784.31764652
2.5676549412310123 70190116.7115528
2.71426304243505 66398870.40510099
2.7204700745642185 66247374.55671861
2.6001720689237118 69312335.96190426
2.590093994513154 69582030.76096307
2.6336649898439646 68430875.10939561
2.6849519927054644 67123732.74815954
2.4068750208243728 74878836.01794659
2.4738949723541737 72850303.67659374
2.483522053807974 72567908.03353782
2.400947967544198 75063684.19318205
2.5167519925162196 71609757.55096716
2.7442910941317677 65672333.51643363
2.5047429371625185 71953092.40163606
2.304397989064455 78208712.58144422
2.592716016806662 69511662.22283544
2.596999052911997 69397021.84254403
2.6395400054752827 68278563.54749523
2.5875779101625085 69649690.27297089
2.4986249627545476 72129272.1742908
2.657204051502049 67824674.54771642
2.3925990099087358 75325618.39807604
2.5311699137091637 71201857.69587497
2.3595100501552224 76381959.03770098
2.488443977199495 72424375.09194997
2.7572399703785777 65363915.34149082
2.509137033484876 71827085.40620896
2.482254058122635 72604977.48417664
2.6491190074011683 68031673.73624444
2.604892011731863 69186745.24253236
2.493303967639804 72283204.26995611
2.6008340064436197 69294695.2990815
2.6883359532803297 67039240.307778195
2.3429030552506447 76923370.60046199
2.471716026775539 72914524.9889851
2.322761924006045 77590388.46700631
2.4468819610774517 73654554.19052613
2.5154269533231854 71647479.07384157
2.5191569002345204 71541395.44989122
2.574665006250143 69999009.40996058
2.5782521115615964 69901620.2456795
2.7279190253466368 66066477.16645435
2.5690310867503285 70152518.17290099
2.7341670356690884 65915504.666998774
2.6014980394393206 69277007.8115616
2.7283449890092015 66056162.518306874
2.618425991386175 68829136.50906388
2.555186045356095 70532633.1628755
2.479676972143352 72680434.59879383
2.6132160564884543 68966360.26420966
2.573281992226839 70036630.47594705
2.5385889457538724 70993770.10265826
2.4793660268187523 72689549.68752374
2.57637700997293 69952495.03561345
2.238798071630299 80500337.33893669
2.480020048096776 72670380.28112233
2.606648951768875 69140111.81969854
2.3545350413769484 76543350.10219418
2.356504905037582 76479365.52762055
2.945390995591879 61188480.67021534
2.7598011074587703 65303256.64154493
2.8215580387040973 63873929.76781523
2.4742810055613518 72838937.69338125
2.452573971822858 73483614.38658252
2.5396839482709765 70963160.64158179
2.597352024167776 69387591.02464981
2.2254609502851963 80982773.4685275
2.5421009631827474 70895689.27835067
2.4713159073144197 72926330.24640281
2.5921770138666034 69526116.09311746
2.6618080446496606 67707361.67931318
2.480915980413556 72644136.85221116
2.327402005903423 77435698.49250981
2.5354429380968213 71081860.01428275
2.463927026838064 73145023.38621606
2.617997000925243 68840414.9952448
2.662664046511054 67685594.89739285
2.4353470653295517 74003415.1869898
2.57766991853714 69917408.23909657
2.1762059768661857 82815690.20388824
2.5379250291734934 71012341.9440377
2.4723829701542854 72894855.76288101
2.4688399862498045 72999465.7425175
2.3974020732566714 75174707.65977134
2.399409073404968 75111827.32348621
2.6342259952798486 68416301.53332907
2.4586120853200555 73303145.7366073
2.852668985724449 63177326.53241268
2.4814449716359377 72628650.66928487
2.6122230337932706 68992577.45931919
2.694475930184126 66886476.13478012
2.6397629408165812 68272797.2324097
2.5918990140780807 69533573.26851885
2.41902400739491 74502774.44500704
2.782625029794872 64767619.80872632
2.5716930394992232 70079903.4845521
2.65952805057168 67765406.70863007
2.490015933290124 72378653.32125215
2.412336994893849 74709296.57899247
2.586159040220082 69687902.86952458
2.594646066427231 69459955.37964235
2.5571229634806514 70479207.52105188
2.621348015964031 68752412.46199831
2.3576129460707307 76443421.42774826
2.6677059940993786 67557669.54778084
2.6359480107203126 68371606.44558808
2.3753930581733584 75871232.92285343
2.3983028950169683 75146471.43797277
2.57751508615911 69921608.206205
2.75164598133415 65496797.63405373
2.808798919431865 64164080.50899345
2.4161459878087044 74591519.26637185
2.4548040237277746 73416858.64043783
2.321615000255406 77628719.65428083
2.433480927720666 74060165.398053
2.548521966673434 70717067.52257074
2.4592509726062417 73284102.35780202
2.614910015836358 68921683.3116748
2.42960499599576 74178313.05789532
2.672351081855595 67440240.62693821
2.39524501375854 75242406.92070094
2.558105974458158 70452124.26673368
2.5936709716916084 69486068.9605732
2.5757739786058664 69968872.07376245
2.6402840157970786 68259323.2098146
2.6016589254140854 69272723.73772638
2.8482129564508796 63276167.46206181
2.5651910109445453 70257536.07862464
2.8820669976994395 62532897.44612485
2.394304028712213 75271977.92710322
2.4828299647197127 72588136.34478812
2.6375700253993273 68329560.26360443
2.7707769768312573 65044571.074106984
2.381306025199592 75682838.78376964
2.35177599824965 76633148.79228924
2.5361510924994946 71062012.2487974
2.632088027894497 68471874.07488333
2.6624909369274974 67689995.67299098
2.618527039885521 68826480.40475427
2.301188069395721 78317805.65737323
2.553405938670039 70581804.98079011
2.543932059779763 70844659.27741899
2.6653570821508765 67617206.41744697
2.6292010443285108 68547059.33909616
2.528004115447402 71291023.18257272
2.664244966581464 67645431.35507856
2.5462990161031485 70778804.39816314
2.5712819769978523 70091106.93119074
2.3428930435329676 76923699.31161307
2.54642590880394 70775277.37088235
2.545492025092244 70801243.22662885
2.411401947028935 74738265.93780944
2.4123090552166104 74710161.87178263
2.41975300014019 74480329.18630894
2.625101013109088 68654120.01290888
2.55528895650059 70529792.54714608
2.2606420097872615 79722485.56814179
2.638031030073762 68317619.44625828
2.4818480014801025 72616856.42816144
2.388157998211682 75465693.69989619
2.4707550182938576 72942885.33893213
2.5984529638662934 69358192.16517234
2.421029028482735 74441073.55992623
2.6130899786949158 68969687.79085489
2.6093029882758856 69069786.37965085
2.4849509354680777 72526180.468047
2.504129079170525 71970730.86172456
2.447415958158672 73638483.64198484
2.4329889565706253 74075140.99613152
2.3946569999679923 75260882.87483716
2.667139982804656 67572006.40458465
2.4654680164530873 73099305.60741033
2.3351439740508795 77178967.12268122
2.3189770290628076 77717026.83611135
2.5430580135434866 70869008.5087271
2.311190008185804 77978876.40638815
2.7700150385499 65062462.65520171
2.6109840255230665 69025316.98327613
2.6116210501641035 69008480.37990637
2.5255250511690974 71361002.70182315
2.647011075168848 68085850.37314354
2.6406300021335483 68250379.58910735
2.419176045805216 74498092.15517962
2.5254059582948685 71364367.93777332
2.391353016719222 75364866.14061499
2.5061320047825575 71913211.13814873
2.732720924541354 65950386.071804196
2.545953029766679 70788422.99636473
2.358639962039888 76410135.88361824
2.484056050889194 72552308.12343663
2.3785189259797335 75771522.3669133
2.5005050702020526 72075038.81823245
2.5451630353927612 70810395.04889259
2.4724159156903625 72893884.42141491
2.337467041797936 77102263.5944313
2.703843987546861 66654733.34632495
2.4562330218032002 73374145.8567688
2.5632070610299706 70311916.16941816
2.1910819923505187 82253425.76370762
2.804730902425945 64257144.899040304
2.535011968575418 71093944.42081438
2.2659009555354714 79537457.08069132
2.401349018327892 75051147.76089218
2.6145619340240955 68930858.99197486
2.5298648979514837 71238586.75059423
2.4879210395738482 72439598.01508422
2.4173700949177146 74553747.63628599
2.678917022421956 67274946.73838872
2.4198140017688274 74478451.5951476
2.529553952626884 71247343.75119436
2.4965249467641115 72189945.56156893
2.460803952999413 73237853.74301331
2.7521069860085845 65485826.28373076
2.4037399562075734 74976496.32797337
2.6997270761057734 66756377.559454806
2.4884449085220695 72424347.98648533
2.260945038869977 79711800.55313338
2.4949510116130114 72235486.45289165
2.5398399448022246 70958802.09649743
2.2291899658739567 80847304.51823246
2.416637958958745 74576334.1719804
2.600492909550667 69303784.42413846
2.4655440356582403 73097051.76362205
2.572232042439282 70065218.46648453
2.310944953933358 77987145.34210286
2.445436082780361 73698102.87377974
2.262276946566999 79664870.50733978
2.6537779485806823 67912238.13446376
2.4978179717436433 72152575.58347683
2.5587979471310973 70433071.9829073
2.490489976480603 72364876.67165026
2.535833977162838 71070898.81398295
2.2026009391993284 81823264.84683765
2.432123990729451 74101485.23963475
2.6951059699058533 66870839.96415015
2.5123379891738296 71735570.92103909
2.38162896130234 75672576.59709033
2.676076954230666 67346344.32506886
2.8170839650556445 63975373.90989342
2.453522989526391 73455191.07395405
2.5599009823054075 70402723.09192719
2.540440997108817 70942013.69175917
2.6073779445141554 69120781.0433412
2.4927379563450813 72299617.19050856
2.5622620014473796 70337849.8756936
2.3556139785796404 76508291.10322621
2.6313590351492167 68490843.5498921
2.4924440076574683 72308143.91268276
2.4155500577762723 74609921.4213396
2.452115062624216 73497366.72108977
2.4483531014993787 73610297.42386027
2.7484779711812735 65572291.97021404
2.6169329648837447 68868405.27380735
2.5449880631640553 70815263.3831754
2.3849320132285357 75567772.58234157
2.5912700220942497 69550451.50190252
2.539232955314219 70975764.40271825
2.279606065712869 79059273.75379267
2.5181439705193043 71570173.15528361
2.5909390533342957 69559335.93577534
2.367047010920942 76138749.74535492
2.4738151114434004 72852655.46576941
2.669299952685833 67517327.83670855
2.573687001131475 70025609.14391214
2.5593090103939176 70419007.34458819
2.5171739980578423 71597752.13753763
2.5854050181806087 69708227.04089378
2.697701915167272 66806491.47584756
2.573331934399903 70035271.23368481
2.43682402651757 73958561.65188731
2.527537988498807 71304170.62773459
2.410504035651684 74766105.89920714
2.622409025207162 68724595.69336744
2.6069170562550426 69133001.2082932
2.524854033254087 71379967.96104819
2.688460983335972 67036122.56867101
2.6780340122058988 67297128.85593612
2.505444921553135 71932932.33054928
2.589068957604468 69609578.94561139
2.5682509876787663 70173826.80455615
2.6457030326128006 68119512.19711053
2.4819800164550543 72612993.9826869
2.263670088723302 79615841.94525687
2.614989993162453 68919575.39846838
2.5939919287338853 69477471.38441038
2.5010380195453763 72059680.2573837
2.6768139796331525 67327801.3979511
2.3988429456949234 75129553.73899674
2.572381985373795 70061134.397896
2.568167052231729 70176120.2969199
2.221995033323765 81109092.18838912
2.3335550213232636 77231519.44272663
2.438891096971929 73895878.42760259
2.443282981403172 73763048.0676036
2.451475942507386 73516528.0943633
2.4295459734275937 74180115.12074444
2.5820559822022915 69798641.5640311
2.4040209827944636 74967731.68365003
2.564882976002991 70265973.80316107
2.5012249825522304 72054293.89886424
2.5684749707579613 70167707.3173174
2.7391440235078335 65795737.08183461
2.5157888885587454 71637171.4731785
2.491521998308599 72334902.16917504
2.351422910578549 76644655.96095486
2.4719369830563664 72908007.45946461
2.4595169816166162 73276176.31716473
2.5411309907212853 70922750.79799977
2.4479900021106005 73621215.70946574
2.2885740036144853 78749474.4392627
2.7269909624010324 66088961.23415028
2.416691044345498 74574696.01738408
2.36116792075336 76328328.20399208
2.660533064045012 67739808.399897
2.4342830292880535 74035762.41202712
2.489142003469169 72404065.23565874
2.612843061797321 68976205.51156549
2.6265319902449846 68616716.13723233
2.5324809830635786 71164996.38310431
2.538639004342258 70992370.19983259
2.5628049625083804 70322947.95605643
2.4220540653914213 74409569.37138994
2.5763119338080287 69954261.99560088
2.661714912392199 67709730.73071332
2.505971002392471 71917831.38270102
2.637792960740626 68323785.33203669
2.7400689432397485 65773527.50362197
2.4603659985587 73250890.35760391
2.582696033641696 69781343.85635678
2.4182440247386694 74526804.63853359
2.4210039991885424 74441843.1611044
2.4033240042626858 74989472.78034233
2.6751490077003837 67369705.19444989
2.779475995339453 64840998.915692925
2.6447700802236795 68143541.60599007
2.335023949854076 77182934.2526713
2.461267984472215 73224045.95395838
2.3535449290648103 76575551.107755
2.4048499763011932 74941889.00598097
2.5403409963473678 70944806.33077815
2.6648989878594875 67628829.76842599
2.6192580116912723 68807272.5922973
2.6978569803759456 66802651.62717626
2.7178829768672585 66310434.08930485
2.4597239680588245 73270010.10695925
2.603363012894988 69227379.78042777
2.4521099403500557 73497520.25158863
2.8278419049456716 63731992.82633251
2.624544082209468 68668688.48637465
2.5676279328763485 70190855.0270781
2.5782089214771986 69902791.23568454
2.633163006976247 68443920.68493986
2.5933849392458797 69493732.79402426
2.425084006972611 74316600.77829026
2.739401999861002 65789540.932343856
2.4520299630239606 73499917.50416425
2.557775005698204 70461240.56983021
2.44295597076416 73772921.88513151
2.4653110885992646 73103958.6985346
2.374161034822464 75910604.78063859
2.4101260351017118 74777832.10303946
2.512544975616038 71729661.25942156
2.5692539056763053 70146434.1853592
2.5388470385223627 70986553.05555248
2.5740439305081964 70015899.05437945
2.486865036189556 72470358.21298297
2.462306059896946 73193175.67189144
2.320945030078292 77651128.16735713
2.3898748913779855 75411478.92310132
2.537923981435597 71012371.2602514
2.6087589794769883 69084189.61575815
2.3685500491410494 76090433.49764043
2.4270140565931797 74257501.52142999
2.5828159414231777 69778104.24257074
2.582494984380901 69786776.38872741
2.588090021163225 69635908.53729182
2.5830098893493414 69772864.88260342
2.5196430506184697 71527591.95623457
2.5728699984028935 70047845.44569834
2.5335209211334586 71135785.18205823
2.5395589182153344 70966654.36951223
2.527878968976438 71294552.55248015
2.5782390730455518 69901973.74796198
2.499773050658405 72096144.86904383
2.65384407248348 67910546.014614
2.5371299125254154 71034596.6559545
2.453531022183597 73454950.58774678
2.680563018657267 67233636.64484069
2.4788030423223972 72706058.9013751
2.906072069890797 62016355.983481295
2.3332940181717277 77240158.58970746
2.720725955441594 66241144.073897846
2.641808008775115 68219946.11317784
2.530860947445035 71210549.98376757
2.6272429386153817 68598148.02470541
2.2064599907025695 81680157.70030528
2.497477922588587 72162399.66325763
2.7513359673321247 65504177.657647885
2.415842958725989 74600875.58631806
2.5860799942165613 69690032.94679517
2.397409058175981 75174488.63612774
2.4636989692226052 73151794.21326292
2.4773470358923078 72748790.2941647
2.8002120088785887 64360841.04652311
2.431624918244779 74116694.00480202
2.522796974517405 71438170.3404713
2.6241960003972054 68677796.9224558
2.6198449777439237 68791856.59114826
2.4691299768164754 72990892.2139321
2.511625993065536 71755906.53130233
2.6058119256049395 69162320.66831185
2.2998220520094037 78364323.81476404
2.557456959038973 70470003.1658494
2.6358129689469934 68375109.35838495
2.226000069640577 80963160.09060144
2.4143849732354283 74645925.1518984
2.520347945392132 71507587.0097609
2.5913299759849906 69548842.35902649
2.5720519479364157 70070124.41743085
2.7186800725758076 66290992.3892763
2.4853870272636414 72513454.8555292
2.602325053885579 69254991.69709958
2.4518900318071246 73504112.19999492
2.7354370104148984 65884902.23456634
2.517460030503571 71589617.23970233
2.379346056841314 75745181.95106737
2.315717050805688 77826433.90620464
2.534553059376776 71106816.77514988
2.3317720042541623 77290575.43841909
2.657903009094298 67806838.46752286
2.4539270671084523 73443095.52458061
2.6031049201264977 69234243.53991926
2.4088959908112884 74816015.58866087
2.389400964602828 75426436.44573788
2.464541932567954 73126773.62815808
2.420576987788081 74454975.36712863
2.6599239790812135 67755319.85777003
2.499566995538771 72102088.2103436
2.394990995526314 75250387.30276924
2.481467090547085 72628003.2834392
2.1856670500710607 82457206.82577913
2.634632051922381 68405757.02724716
2.5753339286893606 69980827.72579306
2.550381002947688 70665520.08962587
2.5214800843968987 71475480.26067671
2.495670923963189 72214649.08274032
2.592514967545867 69517052.84486905
2.6236269623041153 68692692.44043906
2.6595249073579907 67765486.79855646
2.659210003912449 67773511.58232693
2.5132549926638603 71709396.9875998
2.5691089686006308 70150391.51810142
2.4350719759240746 74011775.33227025
2.5102279614657164 71795869.84393546
2.4008500622585416 75066745.24708079
2.5611160090193152 70369323.12527698
2.373473020270467 75932609.49705793
2.4230140261352062 74380089.44895118
2.205520053394139 81714967.7340943
2.48340901453048 72571211.16397077
2.669957000762224 67500712.53902191
2.6604030281305313 67743119.40497363
2.466847072355449 73058440.47637479
2.623692969791591 68690964.25345676
2.770127961412072 65059810.416891664
2.600152976810932 69312844.90078095
2.240938018076122 80423464.88223042
2.533499035052955 71136399.70114808
2.755819004960358 65397618.521247
2.60029302444309 69309111.82157978
2.466141013428569 73079357.18949112
2.603418077342212 69225915.56404486
2.5943759828805923 69467186.4021395
2.710734959691763 66485290.03384869
2.526944037526846 71320930.46919537
2.7074769604951143 66565294.04669156
2.495559980161488 72217859.49153492
2.52813205588609 71287415.37863731
2.4487340124323964 73598847.0307473
2.557830070145428 70459723.69452721
2.4671279825270176 73050121.95411162
2.3127819877117872 77925200.45450087
2.4214700097218156 74427516.87050816
2.6814209995791316 67212123.73151678
2.7323049725964665 65960426.016696066
2.450278028845787 73552469.50685641
2.569506992585957 70139525.02173275
2.5189570151269436 71547072.42629051
2.487843041308224 72441869.12419917
2.2964930394664407 78477921.29249068
2.3116739466786385 77962551.88104786
2.471516956575215 72920397.94448212
2.687955042347312 67048740.45907244
2.246674965135753 80218101.32606794
2.3094640346243978 78037153.77161564
2.5382150197401643 71004228.79794063
2.379609039053321 75736810.98122676
2.3640019353479147 76236824.21963672
2.343753003515303 76895474.79179294
2.238509012386203 80510732.36818692
2.2920119808986783 78631351.62554242
2.8141719521954656 64041573.52907982
2.6893210597336292 67014683.630912684
2.4077279958873987 74852309.0265336
2.4765600683167577 72771907.41530964
2.3821680806577206 75655450.79012218
2.6839569909498096 67148616.98891144
2.489035949110985 72407150.27212486
2.590231946669519 69578324.9186349
2.546845003962517 70763630.97071001
2.458333969116211 73311438.66705461
2.4871380301192403 72462403.70155875
2.484846976585686 72529214.75576636
2.7482600416988134 65577491.67309367
2.654928946867585 67882795.96432781
2.737881033681333 65826088.78285418
2.4597689043730497 73268671.57300527
2.5088110705837607 71836417.70125987
2.797001041471958 64434727.52700685
2.5424789637327194 70885148.93173614
2.460325020365417 73252110.39524868
2.5542309740558267 70559006.53879586
2.510134014301002 71798556.95879531
2.615385106764734 68909163.52389094
2.4232720024883747 74372171.10375318
2.7633829740807414 65218611.27842867
2.757031936198473 65368847.43108977
2.557617030106485 70465592.72890691
2.5761110009625554 69959718.32450539
2.4314949987456203 74120654.2036794
2.343369065783918 76908073.35109648
2.2639529779553413 79605893.6536601
2.671601017937064 67459174.77571705
2.497760928235948 72154223.39370318
2.627901965752244 68580944.93201934
2.7139378944411874 66406825.43588897
2.671057009138167 67472914.04991405
2.4241460487246513 74345355.59225743
2.570147975347936 70122032.55557767
2.6224839966744184 68722630.99738367
2.5083469226956367 71849710.40860619
2.5238239904865623 71409100.1113176
2.5030469987541437 72001844.18818502
2.4999710731208324 72090434.140511
2.4289460852742195 74198435.73006
2.5719660334289074 70072465.05496342
2.394646988250315 75261197.53111643
2.4662980576977134 73074703.7802231
2.5466650258749723 70768631.98295167
2.6013460010290146 69281056.77933992
2.4975279811769724 72160953.29393208
2.5597900385037065 70405774.41474368
2.55013897549361 70672226.78133276
2.543704933486879 70850984.96583532
2.327674999833107 77426616.69387779
2.703638980165124 66659787.53901265
2.328130998648703 77411451.54830456
2.55437393207103 70555057.63554294
2.401359030045569 75050834.85853426
2.4444760056212544 73727048.08129084
2.6221079751849174 68732486.11636223
2.7428040048107505 65707939.642750815
2.4399220710620284 73864654.17789087
2.6064009871333838 69146689.58831888
2.560261986218393 70392796.1162279
2.794243977405131 64498304.892962374
2.6660619769245386 67599328.73274729
2.508169040083885 71854806.08355346
2.5188339641317725 71550567.66995841
2.6773549616336823 67314197.25161508
2.602816908620298 69241904.5700503
2.4714070605114102 72923640.49599588
2.511044032871723 71772536.6981674
2.5933149736374617 69495607.68054812
2.5136179756373167 71699041.67887923
2.3936090292409062 75293833.62042007
2.5696849916130304 70134666.54014687
2.637355006299913 68335131.0572504
2.62349599506706 68696121.64031272
2.5860160822048783 69691755.29888359
2.684999955818057 67122533.69296236
2.444838988594711 73716101.89495237
2.6570119662210345 67829577.84579557
2.558142994530499 70451104.72140627
2.3011149605736136 78320293.89573583
2.5375609984621406 71022529.15662822
2.5404809275642037 70940898.6481932
2.3502219701185822 76683820.63116646
2.6036660419777036 69219322.71433118
2.7051680954173207 66622107.62625352
2.6653528911992908 67617312.73749165
2.6068519800901413 69134727.01037982
2.548283082433045 70723696.76760012
2.71907402202487 66281387.906383224
2.736671012826264 65855193.830505714
2.5414970004931092 70912536.9673985
2.4939709110185504 72263874.13091181
2.673923969268799 67400570.12514211
2.4663840886205435 73072154.83246158
2.5456269504502416 70797490.56244239
2.5491410633549094 70699892.83480777
2.579324063844979 69872569.53333016
2.6966050500050187 66833665.53795654
2.523247036151588 71425428.19543919
2.6036640629172325 69219375.32834823
2.1728629944846034 82943103.38823207
2.4018960539251566 75034054.74415913
2.314987941645086 77850945.46623363
2.5949859991669655 69450856.4045644
2.774297958239913 64962020.1985582
2.744066994637251 65677696.77351647
2.791539067402482 64560801.63968396
2.6592169888317585 67773333.56281528
2.4167210794985294 74573769.19863527
2.4448661133646965 73715284.04554245
2.4926300393417478 72302747.36141486
2.4237699108198285 74356893.03488387
2.6866020634770393 67082506.356282435
2.487482037395239 72452382.4858334
2.4346329737454653 74025120.80609074
2.5125800166279078 71728660.90126581
2.741442993283272 65740560.880369015
2.2744500311091542 79238496.1353107
2.4526990018785 73479868.44776635
2.4547039065510035 73419853.00916591
2.499236958101392 72111609.67182228
2.5384780019521713 70996872.87477061
2.2219319362193346 81111395.47625165
2.3413700982928276 76973734.36664602
2.5302759604528546 71227013.50241043
2.6670870138332248 67573348.40042439
2.251961035653949 80029803.86721683
2.483644988387823 72564316.09293184
2.5021310430020094 72028201.92173894
2.4929860373958945 72292422.53930034
2.7195949805900455 66268691.21552006
2.6243230095133185 68674473.12951869
2.5212379405274987 71482344.884233
2.4816769873723388 72621860.50684446
2.4895250098779798 72392926.07421261
2.6584529550746083 67792811.47555311
2.726139035075903 66109614.249730326
2.5173529284074903 71592663.05738544
2.679868950508535 67251049.70741218
2.505347947590053 71935716.6230588
2.190544968470931 82273590.63338563
2.5497579481452703 70682787.80387662
2.410134067758918 74777582.8784424
2.6543450076133013 67897729.75369596
2.5224839337170124 71447035.83282311
2.4919279385358095 72323118.66365398
2.7030499186366796 66674314.35779715
2.5807589991018176 69833719.48435457
2.4924620520323515 72307620.43219294
2.437156974337995 73948457.93589239
2.4430169723927975 73771079.79052669
2.2902050986886024 78693388.685231
2.3692830000072718 76066894.49907286
2.346402034163475 76808661.6768777
2.460610936395824 73243598.70723115
2.5742040015757084 70011545.27367769
2.425013924948871 74318748.50112452
2.6220130966976285 68734973.22610189
2.4397909874096513 73868622.73450132
2.2116280160844326 81489291.45827915
2.4300820659846067 74163750.48510054
2.4523980682715774 73488885.15762854
2.1841160487383604 82515761.97341032
2.538945060223341 70983812.45955215
2.5349550414830446 71095540.96650256
2.5792369851842523 69874928.52934775
2.74862302467227 65568831.51391373
2.5602140231058 70394114.85660481
2.5652640033513308 70255536.9601532
2.5016929721459746 72040814.76289324
2.720364020206034 66249957.23416098
2.441628952510655 73813017.25419047
2.381883910857141 75664476.83638152
2.475042943842709 72816514.33497445
2.430162043310702 74161309.73491547
2.5683820713311434 70170245.31190304
2.820864086970687 63889643.188567
2.480980008840561 72642262.07297184
2.6455200277268887 68124224.39109409
2.670569927431643 67485220.34520404
2.6922100223600864 66942771.36744676
2.2011069813743234 81878800.76936199
2.602418069727719 69252516.37945172
2.6058689691126347 69160806.67761698
2.472135005518794 72902167.39687273
2.3754980647936463 75867879.10755701
2.312769996933639 77925604.46518591
2.6618510019034147 67706269.01022142
2.6932479813694954 66916972.08972102
2.4802980478852987 72662235.15099683
2.5726219173520803 70054600.24436818
2.504162024706602 71969783.992358
2.48684489633888 72470945.11817959
2.6278970763087273 68581072.53315699
2.5746829342097044 69998521.99483332
2.596640959382057 69406592.13928802
2.5295279920101166 71248074.96468267
2.6324670761823654 68462014.8265493
2.658309997059405 67796457.222582
2.5655190693214536 70248552.09814009
2.5616070488467813 70355833.88214663
2.5181169621646404 71570940.78945191
2.512536011636257 71729917.16947827
2.7075899997726083 66562515.00970818
2.461753902025521 73209592.49895468
2.560617052949965 70383035.13302487
2.608420909382403 69093143.42318769
2.7225669473409653 66196352.00376556
2.6525420835241675 67943879.61624888
2.619463950395584 68801863.05781497
2.78036599047482 64820243.31236409
2.492795931175351 72297935.72192833
2.6658109854906797 67605693.34469423
2.434798050671816 74020101.97530432
2.2787939524278045 79087448.78315617
2.474211039952934 72840997.42899391
2.7321160305291414 65964987.57232327
2.540062996558845 70952570.95755452
2.5886379880830646 69621167.8997492
2.601090003736317 69287875.36806436
2.604766981676221 69190066.23925422
2.415296039544046 74617768.19458632
2.617300022393465 68858746.9751324
2.453948021866381 73442468.37915024
2.5957159232348204 69431326.58962238
2.561952918767929 70346335.6721917
2.4127099895849824 74697746.8398516
2.368606044910848 76088634.65802032
2.6886279229074717 67031960.22940447
2.322699991054833 77592457.35311383
2.6661769952625036 67596412.51133655
2.5506550446152687 70657927.80582932
2.4935599649325013 72275783.43193303
2.412094036117196 74716821.69162475
2.59117700625211 69552948.16415371
2.5388719514012337 70985856.49446882
2.577638952061534 69918248.1921532
2.374660922214389 75894624.91846617
2.437181887216866 73947702.03458485
2.3215499240905046 77630895.69163796
2.642698003910482 68196971.32752852
2.54048896022141 70940674.34337248
2.4800540413707495 72669384.21244583
2.7423719875514507 65718290.88763209
2.623426029458642 68697953.73540232
2.4793839547783136 72689024.08304654
2.6140579720959067 68944148.11141296
2.4134969571605325 74673390.18816608
2.379584009759128 75737607.60740827
2.2716548992320895 79335994.23967212
2.6551540940999985 67877039.75466985
2.646918990649283 68088219.0337799
2.604769077152014 69190010.57746439
2.7537309797480702 65447206.47203094
2.4816750083118677 72621918.4205733
2.45232495944947 73491076.01158169
2.5548050180077553 70543152.50270614
2.594621037133038 69460625.43266086
2.5058669270947576 71920818.32092632
2.5684089632704854 70169510.61037867
2.4015599628910422 75044555.532581
2.481554984115064 72625430.89057076
2.511064987629652 71771937.7586179
2.5591730372980237 70422748.82290906
2.603342989459634 69227912.23810598
2.440250013023615 73854727.6050177
2.57884303573519 69885602.76939104
2.4672929430380464 73045237.90275393
2.4443670408800244 73730334.6780177
2.4715519975870848 72919364.09832698
2.35124200116843 76650553.15890037
2.3744029458612204 75902870.78869459
2.7374880155548453 65835539.36161122
2.3255120031535625 77498632.45410182
2.608373062685132 69094410.83342288
2.4337429786100984 74052191.04234469
2.4908840423449874 72353428.3154876
2.6235190453007817 68695518.0763087
2.576690982095897 69943971.26092498
2.4770379532128572 72757867.82606192
2.7260789647698402 66111071.00311605
2.48773698695004 72444957.38311718
2.262069028802216 79672192.89299498
2.6056159986183047 69167521.26774184
2.3440259974449873 76886519.26064217
2.509811078198254 71807795.24225362
2.522283000871539 71452727.52412245
2.4056220427155495 74917836.96683994
2.5314439553767443 71194149.73308307
2.5573440361768007 70473114.8607728
2.54593207500875 70789005.63338108
2.4944619508460164 72249648.84265947
2.3660899605602026 76169546.80680425
2.371769049204886 75987162.4349
2.629718976095319 68533558.77121201
2.5616500061005354 70354654.05921923
2.600820967927575 69295042.68938926
2.5236590299755335 71413767.81068052
2.6097999652847648 69056633.61074308
2.39930406678468 75115114.62635043
2.5796929839998484 69862577.10425691
2.4792839540168643 72691955.96091616
2.550461096689105 70663300.93564601
2.449470921419561 73576705.24847601
2.584081026725471 69743943.0637276
2.552171004936099 70615957.80668013
2.442840952426195 73776395.39774543
2.279693027958274 79056257.92144972
2.49686895404011 72179999.55840087
2.582770073786378 69779343.43795034
2.6011280715465546 69286861.3319928
2.463766955770552 73149775.6221973
2.613181946799159 68967260.4775007
2.5202230317518115 71511131.24885856
2.625055960379541 68655298.29464759
2.437443006783724 73939780.12959193
2.2969089914113283 78463709.56528929
2.4145490024238825 74640854.17984036
2.636755001731217 68350681.00057462
2.409075968898833 74810426.20767945
2.4854419752955437 72511851.73154952
2.5244179414585233 71392298.81081921
2.4254380259662867 74305753.46413946
2.6081500109285116 69100319.86075814
2.613771939650178 68951692.86426757
2.532350947149098 71168650.69705084
2.5107109686359763 71782057.85188903
2.4392049526795745 73886370.14778769
2.450166968628764 73555803.46463586
2.411900903098285 74722804.64279748
2.4988610530272126 72122457.46183845
2.262206980958581 79667334.384952
2.5781489675864577 69904416.7989708
2.5896059814840555 69595143.54253884
2.437288057990372 73944480.7966609
2.44411698076874 73737878.1040647
2.5238519301638007 71408309.59457406
2.5516219902783632 70631151.74843703
2.5758250849321485 69967483.83819214
2.4751139571890235 72814425.16072255
2.6110420003533363 69023784.36486712
2.413065987639129 74686726.72989176
2.3902799002826214 75398701.20595111
2.628423972055316 68567324.72237821
2.543671987950802 70851902.62490943
2.506650984287262 71898322.15562497
2.6008490240201354 69294295.18420395
2.582801040261984 69778506.81898408
2.4284020764753222 74215057.60758702
2.373938914388418 75917707.44717325
2.3639691062271595 76237882.94240163
2.2522740764543414 80018680.62332757
2.405878040008247 74909865.33938447
2.462798962369561 73178526.85247155
2.6644180761650205 67641036.37196532
2.612357959151268 68989014.0700906
2.5163249811157584 71621909.47215699
2.5054250145331025 71933503.87841704
2.5196989299729466 71526005.68907453
2.482287003658712 72604013.85269424
2.7223849901929498 66200776.39615056
2.686153049580753 67093719.78194945
2.547604963183403 70742521.93903643
2.5107309920713305 71781485.37980838
2.4536841083317995 73450367.70952962
2.543815062381327 70847917.62781997
2.369212917983532 76069144.58046725
2.71225709002465 66447978.203409195
2.5532079162076116 70587279.18550965
2.4829020258039236 72586029.62460686
2.545965020544827 70788089.60283074
2.445259946398437 73703411.47796883
2.8071190463379025 64202478.421823874
2.6090749306604266 69075823.7266802
2.8318510157987475 63641766.107941344
2.7338210493326187 65923846.78726369
2.7302089147269726 66011065.683602765
2.520277048461139 71509598.56181023
2.848707023076713 63265193.135007314
2.3436450865119696 76899015.57075185
2.494378946721554 72252053.0558817
2.3636509431526065 76248145.06647061
2.5160470977425575 71629819.71271531
2.7297050692141056 66023249.92270587
2.4869010085240006 72469309.94931908
2.4586711078882217 73301386.02995025
2.4358920054510236 73986859.6787936
2.4798880331218243 72674248.83417973
2.6643580058589578 67642561.39891301
2.611282980069518 69017414.57189831
2.9039339860901237 62062016.8582602
2.4082909803837538 74834810.8546592
2.432412002235651 74092711.19956428
2.617183024995029 68861825.20626058
2.418464981019497 74519995.70571706
2.3062980035319924 78144281.32183915
2.510209917090833 71796385.94084899
2.428150037303567 74222761.04492155
2.5009060045704246 72063484.06163178
2.697746967896819 66805375.79864422
2.5609260192140937 70374543.6798318
2.5669430615380406 70209582.24605684
2.715975046157837 66357016.14967136
2.6104890275746584 69038405.48506029
2.7689019916579127 65088616.55016137
2.467350917868316 73043521.57402308
2.4081890005618334 74837979.8919244
2.4430719204247 73769420.57795423
2.6118019595742226 69003700.42963757
2.416603034362197 74577411.94451727
2.5629840092733502 70318035.28540023
2.662142040207982 67698867.03187327
2.5264329742640257 71335357.7300031
2.6000349316745996 69315991.79858844
2.3873040918260813 75492686.75786678
2.7587040094658732 65329226.8331803
2.5036759907379746 71983755.35281536
2.2653290070593357 79557538.63495176
2.519696019589901 71526088.305419
2.4900659918785095 72377198.27017064
2.7154890121892095 66368893.113179855
2.6123879943042994 68988220.8894453
2.4742590030655265 72839585.41798103
2.503206953406334 71997243.27816898
2.7051790384575725 66621838.12527224
2.46728106867522 73045589.44991595
2.4052230874076486 74930263.61818503
2.4077279958873987 74852309.0265336
