10.768197011202574 33473384.599577066
5.5762899573892355 64639393.35191211
5.341675016097724 67478459.26862836
5.595778930000961 64414267.344892785
5.592506029643118 64451964.484158404
5.824938998557627 61880133.008990176
5.342748016119003 67464907.36836791
6.066686008125544 59414316.07260148
5.504874046891928 65477974.051651604
5.907209939323366 61018315.5334559
4.992933943867683 72191622.01068209
5.350702907890081 67364607.26841846
5.406770040281117 66666049.65896775
4.89229301456362 73676699.02988242
5.755616002716124 62625442.66850004
5.494895973242819 65596874.21839966
5.670340033248067 63567263.67140442
4.823950002901256 74720509.08139941
5.65890793222934 63695681.979049385
5.118713015690446 70417700.48352289
5.710153956897557 63124042.31493589
5.280112032778561 68265218.19278917
5.984217976219952 60233100.03618618
4.64567297603935 77587897.78339036
5.692927050404251 63315056.87823715
5.037883995100856 71547498.9798339
5.4906250443309546 65647899.29921748
5.109247053042054 70548164.19288017
6.015040096826851 59924455.06558622
5.362957017496228 67210682.24564667
6.115379044786096 58941236.08042154
5.534537951461971 65127026.53069462
5.408793105743825 66641114.376740545
5.638885078951716 63921855.99693197
4.74022701382637 76040240.04517916
5.926199024543166 60822796.957580395
5.589963984675705 64481274.11699432
4.633330972865224 77794572.00682151
5.344648030586541 67440923.6936119
4.816267057321966 74839703.80172881
5.983624025247991 60239078.93929904
5.562316975556314 64801772.63971007
5.477927974425256 65800061.93634158
5.28725003823638 68173057.33477879
6.091336952522397 59173873.12661139
4.70586703158915 76595449.37849174
5.082777002826333 70915564.42463815
4.55613003578037 79112755.1604797
5.652370047755539 63769356.38584523
5.7511599734425545 62673965.19388444
5.794894997961819 62200954.48265703
5.76275703497231 62547839.13542729
5.370378028601408 67117807.7372461
5.575487040914595 64648701.961806126
5.2821210119873285 68239254.49303293
5.586179089732468 64524963.165343575
5.468567018397152 65912696.83399583
6.26269995700568 57554729.18621784
5.2776639349758625 68296883.70478794
5.663496092893183 63644080.27972454
5.541115999221802 65049712.01660849
4.996777046471834 72136098.25847806
5.301245022565126 67993084.35390694
5.582674988545477 64565463.82147744
5.251138005405664 68641882.88880335
5.353997927159071 67323148.96342522
5.078781978227198 70971347.37132743
5.5017160484567285 65515558.56851397
5.571968969888985 64689520.33793926
5.208531045354903 69203388.99034815
5.365301971323788 67181307.2081507
5.376297980546951 67043902.94291877
5.889503052458167 61201768.09307465
5.34010399132967 67498311.00391166
5.400973022915423 66737604.218847156
6.320034968666732 57032595.83008917
5.31760195735842 67783937.73930697
4.944401909597218 72900222.63367398
6.0110780177637935 59963953.04383219
5.387448938563466 66905135.27096398
5.872165085747838 61382470.4749587
5.913270986638963 60955772.33217154
5.348782986402512 67388787.48984924
5.6176139041781425 64163897.01184592
5.814259988255799 61993787.81273413
5.639638053253293 63913321.49269247
5.406446987763047 66670033.16888856
5.957612069323659 60502093.08793079
4.8707169480621815 74003068.50994585
5.562260979786515 64802425.00484656
5.1587100606411695 69871730.67741674
5.743080982938409 62762130.82678475
5.1764859817922115 69631792.93208577
4.236840060912073 85074724.27986948
4.760370007716119 75718483.94468227
4.839732078835368 74476849.98437725
5.6664879666641355 63610476.563351095
5.416544969193637 66545741.25204023
6.043943925760686 59637879.57457502
6.066420930437744 59416912.23427693
5.290513043291867 68131010.55615616
5.926331039518118 60821442.068701714
5.3804609924554825 66992029.21560486
5.411942955106497 66602328.03449922
5.9524980606511235 60554072.64770647
4.978762939572334 72397100.31885184
5.663546035066247 63643519.05471601
4.559277091175318 79058147.33165988
5.322348908521235 67723481.90531296
5.541407968848944 65046284.631317616
5.587821011431515 64506003.192049034
5.725948023609817 62949925.237491466
5.5913449032232165 64465348.89883366
5.804960965178907 62093096.26062078
5.075125955045223 71022473.76573497
5.199228995479643 69327202.22813492
6.0619410360232 59460822.50850527
5.760014988481998 62577614.94037239
6.034306949004531 59733123.131805964
4.7760430024936795 75470007.24486819
5.347758065909147 67401702.83651789
5.431718076579273 66359850.58837938
5.416890955530107 66541490.85870345
5.2924989722669125 68105445.44057056
5.567674990743399 64739411.08259137
5.810522940009832 62033659.22850828
5.252146045677364 68628708.50605096
6.274603074416518 57445546.07281169
5.234541022218764 68859523.39852272
4.541872069239616 79361108.04202922
5.393276107497513 66832847.57087067
5.3645429434254766 67190812.6752434
4.987814929336309 72265712.562828
5.14780601952225 70019732.41280991
4.912493983283639 73373728.54329018
4.888514988124371 73733639.1267355
5.38343598600477 66955008.09093872
5.654936074279249 63740419.92082837
5.770500982180238 62463900.64105211
5.4208580404520035 66492794.55581261
5.020095966756344 71801017.82653725
5.527851986698806 65205797.99663865
5.081997951492667 70926435.516199
5.445461021736264 66192375.367526285
4.994617076590657 72167294.20347136
4.627707996405661 77889097.6440086
5.5309770395979285 65168956.12103329
5.030188942328095 71656950.49084494
5.245454027317464 68716263.2868091
5.552257993258536 64919173.50340173
5.38081000559032 66987683.940803975
6.051796022802591 59560500.493054666
5.2991610718891025 68019823.34752916
5.370212020352483 67119882.53609797
5.475035053677857 65834829.63417173
5.020474083721638 71795610.1334563
5.937870009802282 60703248.70786488
5.678182002156973 63479472.807154916
5.422455025836825 66473211.5402605
4.92153107188642 73238997.12002437
5.249017965979874 68669606.83620225
5.413201986812055 66586837.3059316
5.543833016417921 65017831.33304023
5.1822110544890165 69554866.872465
5.152146914042532 69960737.92414072
5.730847944505513 62896102.54719493
5.13326795771718 70218037.11963151
5.571508081629872 64694871.607285835
4.963182029314339 72624376.43251131
5.649694008752704 63799561.434934594
4.7706549521535635 75555244.2201436
4.8538598930463195 74260075.06240155
5.5844830349087715 64544559.94347708
5.42781304102391 66407593.127416305
6.105863023549318 59033096.32230707
5.700121051631868 63235148.295106575
5.354661028832197 67314811.91043954
5.219739046879113 69054793.11566585
6.185073987580836 58277071.66054157
5.426881019957364 66418998.07171963
5.529419984668493 65187307.348586224
6.002513924613595 60049506.67785472
5.6050720158964396 64307469.90899318
5.4873289773240685 65687331.94046164
5.20419399254024 69261061.46632329
4.781584953889251 75382536.01597488
6.059481063857675 59484961.864131376
5.677998997271061 63481518.783859804
5.492469063028693 65625858.94680295
6.214056978933513 58005261.493733816
5.607546074315906 64279097.349008046
5.573823000304401 64668002.55055013
6.045653019100428 59621020.07197784
4.550548968836665 79209783.8015679
4.938955069519579 72980619.36713699
6.041677901521325 59660247.67875119
5.923597025685012 60849513.97555902
5.4604660253971815 66010483.04732962
5.600902019068599 64355348.258697204
5.443954025395215 66210698.75288533
5.890780943445861 61188491.55323588
6.189740961417556 58233131.60385492
5.21043804474175 69178060.82806331
5.59623702429235 64408994.550329834
5.534850060939789 65123354.02610668
5.365462973713875 67179291.28686252
5.492885014973581 65620889.39007831
5.63827296718955 63928795.589985184
5.302457953803241 67977531.01303992
5.3668239852413535 67162254.80679522
4.756688023917377 75777094.94244958
5.70921297185123 63134446.33737733
5.00846398063004 71967773.23227498
5.335328984074295 67558720.57298066
5.967463017441332 60402217.6503658
4.889389965683222 73720444.17194131
5.207250011153519 69220413.69781531
4.934097989462316 73052460.80839978
5.771666998043656 62451281.427389376
5.542890052311122 65028892.25625362
4.934907075949013 73040483.73204345
5.204109009355307 69262192.50058578
5.581787903793156 64575724.87751715
5.501710926182568 65515619.56565781
4.872736055403948 73972403.9844631
6.0373470187187195 59703044.8775655
5.242740036919713 68751835.3879273
5.691551021300256 63330364.36835004
6.077055004425347 59312940.18854851
4.648063099011779 77548000.60193558
5.761874956078827 62557414.51308732
5.12024003546685 70396699.66705678
5.578478099778295 64614038.73115954
5.685058073140681 63402694.46022956
6.086945068091154 59216568.56894148
5.491574062034488 65636554.46111988
6.192400003783405 58208126.054482125
4.8817109782248735 73836407.27765267
4.8913449281826615 73690979.73916991
6.12280098721385 58869788.639663115
5.4176150588318706 66532597.10883163
5.166050978004932 69772443.50368388
6.245229043997824 57715737.47906332
5.479104933328927 65785927.516632445
5.571570014581084 64694152.46630467
6.029232055880129 59783401.37836723
5.134811042807996 70196935.58244108
5.98852604161948 60189769.15102867
5.10721595492214 70576220.62223822
5.209408001974225 69191739.22706763
5.073999986052513 71038234.33007585
4.91950090508908 73269221.19825754
4.841914982534945 74443273.22973573
4.797986010089517 75124854.3122107
5.417041014879942 66539647.56956684
5.569592933170497 64717117.44915881
6.32818101439625 56959179.7674563
5.996435997076333 60110372.25707783
6.059463019482791 59485139.00341721
5.57657505851239 64636088.677725665
5.797757999971509 62170238.909897804
5.872232955880463 61381761.0282383
6.276277010329068 57430224.862095684
5.419269087724388 66512290.525760956
5.6323789758607745 63995693.74589431
5.197144928388298 69355002.59596948
6.244894932024181 57718825.364315085
5.285432911477983 68196495.1664114
5.899681011214852 61096184.57588051
5.671550985425711 63553691.208322
5.310501088388264 67874574.16930798
5.012372974306345 71911647.8058742
5.705281044356525 63177956.91354122
5.103603005409241 70626183.0353901
4.980791010893881 72367621.77164946
5.968831013888121 60388374.06542738
5.825581029057503 61873313.27160605
5.46879495959729 65909949.570781246
6.089108996093273 59195524.374955475
5.447565927170217 66166799.04730179
5.505573004484177 65469661.32433853
5.94900397118181 60589638.49176832
5.134250037372112 70204605.8092819
4.868424031883478 74037922.25973201
4.754693945869803 75808875.20911951
5.1657919539138675 69775942.04638965
5.350413033738732 67368256.94148852
5.798181984573603 62165692.791118436
5.103585077449679 70626431.1322346
4.475421039387584 80539461.38871521
5.148130003362894 70015325.90757146
5.152990110218525 69949290.08018498
4.661469953134656 77324964.79090525
6.036694976501167 59709493.5893073
5.690407939255238 63343086.09290594
5.601332988590002 64350396.72417939
5.332052940502763 67600229.03411254
4.877635044977069 73898107.72562517
5.617443006485701 64165849.049797125
5.472091026604176 65870249.27903727
5.996822030283511 60106502.77426345
4.712944966740906 76480417.77353
5.3570689633488655 67284554.75672522
6.276836036704481 57425110.02234902
5.216470919549465 69098056.05340767
5.424164002761245 66452268.002315015
5.280188983306289 68264223.33359341
5.09077007882297 70804219.09043251
5.620228010229766 64134052.807808444
5.468796938657761 65909925.71914124
5.305363098159432 67940307.44569561
5.375884007662535 67049065.6952855
6.06257701292634 59454584.94489551
5.0933570601046085 70768256.72076425
5.55990100838244 64829931.22657526
5.458954954519868 66028755.13775008
5.391787039116025 66851305.02837792
5.400563939474523 66742659.477719605
5.598279996775091 64385489.8661084
5.111837992444634 70512406.79629265
6.046577938832343 59611900.09395732
5.592901026830077 64447412.580854006
5.188112030737102 69475754.93060224
5.469689960591495 65899164.77844038
6.032146979123354 59754512.15752431
5.434284918010235 66328506.03865249
6.000897032208741 60065686.524091296
5.585302016697824 64535095.67117487
6.057100021280348 59508345.36884676
5.144388065673411 70066253.82815412
5.480665015056729 65767201.42715547
5.588266998529434 64500855.112122014
4.857397056184709 74205998.7748083
5.408287048339844 66647350.03491448
5.120868911035359 70388054.50052482
6.052287062630057 59555668.1746958
5.316302995197475 67800499.76940998
5.435182014480233 66317558.278583184
5.483872955664992 65728729.11427447
5.977276945486665 60303044.8960823
5.0791880348697305 70965673.55361646
5.485035013407469 65714803.84700021
5.16689196228981 69761087.05788776
5.349843995645642 67375422.59052351
6.1079659499228 59012771.674759544
5.6357719004154205 63957166.18222801
5.019903066568077 71803776.92958623
5.700116045773029 63235203.82840159
4.91773197427392 73295576.47419743
5.075316061265767 71019813.47544008
5.852930014953017 61584197.84264128
5.627340986393392 64052987.16952534
5.696872016415 63271212.51125232
4.7156399814412 76436708.78577958
5.200817948207259 69306021.39693195
5.670350044965744 63567151.4353886
5.287704057991505 68167203.77065004
5.217269994318485 69087473.0256478
5.645256023854017 63849717.085802265
5.3760099690407515 67047494.71740939
5.753302946686745 62650620.58092691
5.378554109483957 67015780.20093267
5.347114056348801 67409820.73723085
4.788249032571912 75277621.8505061
6.073422962799668 59348410.642199725
5.888893036171794 61208107.83724427
4.876399994827807 73916823.9648741
5.180855980142951 69573059.23606363
5.2820369601249695 68240340.36889285
5.609783926047385 64253455.16898887
5.106523050926626 70585797.10799374
4.956061020493507 72728725.1931591
5.394127918407321 66822293.69644361
6.445433013141155 55923007.69631878
4.913510987535119 73358541.56313184
5.873439949937165 61369147.053909376
4.957336001098156 72710020.04305398
4.908552975393832 73432639.27411926
5.353286978788674 67332089.87827533
5.210446077398956 69177954.18006416
5.0279529532417655 71688817.1691427
5.577376927249134 64626795.83998991
4.9891669768840075 72246128.79665904
5.382130038924515 66971254.39058075
5.517864949069917 65323816.97032229
4.936681943945587 73014223.74233736
5.469348980113864 65903273.18855707
5.980227026157081 60273297.054347016
5.322860088199377 67716978.09587416
5.565898027271032 64760079.72728314
5.473710014484823 65850766.49039926
4.564819973893464 78962150.10918902
4.910659044981003 73401145.6911064
6.275722989812493 57435294.79951911
4.784342017956078 75339095.4591468
5.751164047978818 62673920.79116146
5.311096902005374 67866959.81086342
5.140892928466201 70113889.74940985
5.464629037305713 65960195.56667212
5.333670065738261 67579733.19635934
5.485248984768987 65712240.41075692
5.2167559042572975 69094281.31491548
5.105750053189695 70596483.6204269
5.376852001063526 67036994.867759876
5.5269969161599874 65215885.854054324
5.461378023028374 65999459.931200475
5.584895960055292 64539787.77367081
5.131238023750484 70245815.5968653
6.147544016130269 58632845.743639484
5.07567694876343 71014763.87062316
4.68484393786639 76939169.1122497
5.801278981380165 62132505.807236135
6.411355920135975 56220244.90450617
5.0852179992944 70881523.67312749
5.404405994340777 66695211.34745299
5.873705027624965 61366377.49167791
6.25689304433763 57608144.72067708
5.63258898910135 63993307.641910434
5.005161045119166 72015265.19341362
5.710126017220318 63124351.18121362
5.391365964896977 66856526.2211592
6.047440925613046 59603393.30862672
4.784184042364359 75341583.18496992
4.936618963256478 73015155.24751534
5.52850600797683 65198084.162326306
5.110149038955569 70535711.82606244
5.048302002251148 71399848.86785069
4.9772149650380015 72419616.69968738
5.400191061198711 66747267.997586235
5.411854945123196 66603411.151071556
5.9886539820581675 60188483.268509366
5.199242033995688 69327028.37128566
5.1356860203668475 70184975.98384194
5.037522059865296 71552639.51531726
5.335997906513512 67550251.38971862
5.385873024351895 66924711.80999932
5.515921977348626 65346827.14516185
6.158996955491602 58523815.258361265
6.406571948900819 56262226.17570733
5.405897973105311 66676804.07459628
6.04225997813046 59654500.35328114
5.425696028396487 66433504.22019992
5.901996977627277 61072210.197048835
6.3059350941330194 57160118.938641995
5.282967002131045 68228326.97130275
6.070950068533421 59372585.16887697
5.362793919630349 67212726.3142801
5.7187979109585285 63028630.42411395
5.190867930650711 69438869.34045254
5.394816980697215 66813758.70389888
5.562972975894809 64794131.045014046
5.198296974413097 69339632.14764114
5.487493937835097 65685357.30213533
6.025543087162077 59820002.07881088
5.333062959834933 67587426.34667048
5.527673987671733 65207897.716815494
5.5137090384960175 65373054.2332571
5.078378017060459 70976992.80933793
5.373799009248614 67075080.288572095
6.025584996677935 59819586.01508809
5.928272963501513 60801518.79293741
6.182336946949363 58302872.051944844
4.95889107696712 72687218.65543608
4.944397020153701 72900294.7236618
4.652027040719986 77481922.79299694
5.046091973781586 71431119.74034771
4.998130025342107 72116571.23212364
5.096597014926374 70723268.67208807
5.685908021405339 63393216.816565916
4.906994989141822 73455954.36669445
4.7626279992982745 75682585.34009132
5.737815983593464 62819721.13268428
4.959020996466279 72685314.3507256
5.257713026367128 68556042.93965343
4.889403004199266 73720247.5824613
5.249268026091158 68666335.61258747
5.348946084268391 67386732.69863418
6.0106320306658745 59968402.351203084
5.873935995623469 61363964.51520093
5.571262096054852 64697728.05254345
5.51051995716989 65410887.321261056
5.071530002169311 71072832.03408457
5.156740895472467 69898412.06031263
4.972858005203307 72483067.00550234
5.457029910758138 66052047.70628121
5.757731036283076 62602437.961862236
5.270299036055803 68392324.14215206
5.3940979996696115 66822664.330918245
5.8764140121638775 61338088.033601955
5.103325936943293 70630017.45404787
5.05328003782779 71329512.17857751
5.9121400117874146 60967432.99065171
5.511951050721109 65393904.387602255
5.94437203835696 60636850.73446863
5.629395949654281 64029605.16965168
5.190890980884433 69438560.99605203
5.277849035337567 68294488.45289794
5.4978710832074285 65561377.22125644
5.681750015355647 63439609.10385775
5.372184910811484 67095233.31458695
5.558088072575629 64851077.43767142
5.491342046298087 65639327.68365633
6.143331993371248 58673045.895766184
5.375256994739175 67056886.83402013
5.9854809660464525 60220390.31528057
4.538147943094373 79426233.89977579
4.973786068148911 72469542.32877724
6.70014601200819 53797036.565172605
5.465664085932076 65947704.49353946
5.514112068340182 65368276.07649611
4.725359962321818 76279479.84366739
5.337905953638256 67526105.39238197
5.099314032122493 70685585.89045562
5.568070919252932 64734807.66088398
5.534474039450288 65127778.61648467
5.200674990192056 69307926.50564942
5.713848047889769 63083231.6468619
5.353162065148354 67333661.04244983
6.144342944025993 58663392.21030224
5.22512209136039 68983651.2329524
6.030263961292803 59773171.17685924
4.599528037942946 78366301.28712156
5.6167569709941745 64173686.32137918
5.230047972872853 68918679.49769622
5.839132005348802 61729722.78582159
5.008960026316345 71960646.14336286
5.248551955446601 68675703.90075892
5.691013066098094 63336350.80671717
5.051839980296791 71349845.08729906
6.0566660249605775 59512609.49745799
5.392075050622225 66847734.24257247
5.447132978588343 66172058.111460365
5.657315021380782 63713616.554452606
5.417700042016804 66531553.46448802
5.4382020607590675 66280729.54495708
5.346123944036663 67422305.1641109
5.740546039305627 62789845.69272779
5.578284966759384 64616275.81736767
6.088674999773502 59199743.788822465
5.7866169372573495 62289936.22841043
4.891669028438628 73686097.30226402
5.098052904941142 70703071.68657392
5.589867942035198 64482382.00574835
5.435195052996278 66317399.18906768
6.085846922360361 59227253.757510275
5.441243061795831 66243686.581616804
5.144416005350649 70065873.29350933
5.387854995205998 66900092.953637235
5.882774945348501 61271764.32017097
5.207670968957245 69214818.32255122
4.850303055718541 74314531.6610741
5.44156099203974 66239816.208489835
5.123440059833229 70352730.93674737
5.508215050213039 65438258.44019273
5.527180037461221 65213725.183007285
6.023028981871903 59844971.87127531
5.264756036922336 68464331.01023808
5.606520920991898 64290850.79312075
5.370368016883731 67117932.86173292
5.093619925901294 70764604.5923264
5.324815050698817 67692116.35861336
6.111233960837126 58981214.31937868
4.705655039288104 76598900.04485549
4.939365899190307 72974549.23497103
5.266568041406572 68440775.31441769
5.647872923873365 63820132.793073066
4.955279058776796 72740202.06017946
5.629132967442274 64032596.50904602
5.758477956987917 62594317.92433903
5.683516035787761 63419896.72068203
5.3877540631219745 66901346.23389541
5.038148956373334 71543736.22558893
5.429839016869664 66382815.19583623
5.772306001745164 62444367.96854226
5.788403912447393 62270706.303838275
5.455375998280942 66072072.7798747
5.664717988111079 63630352.07692532
4.964259918779135 72608607.5059191
5.491514923051 65637261.31144532
5.279466975480318 68273558.99261156
4.611212993040681 78167718.67705831
5.401283036917448 66733773.72308753
5.412817001342773 66591573.2807118
5.377059918828309 67034402.71101603
5.051904008723795 71348940.79095058
5.425137002021074 66440349.776552945
5.194886005483568 69385160.64058417
5.731608020141721 62887761.81716061
5.5054849945008755 65470707.91402239
4.734670044854283 76129486.65593725
5.200739949941635 69307060.81622964
5.4195900447666645 66508351.55844685
6.170866079628468 58411249.79035385
5.192865966819227 69412151.65250728
5.346346995793283 67419492.27830043
4.916684003546834 73311199.12119171
5.341817974112928 67476653.40653183
6.02488499134779 59826536.19407371
5.4244850762188435 66448334.714795
5.616947077214718 64171514.3555769
4.485483979806304 80358775.46831973
4.874862963333726 73940129.74541214
5.861295969225466 61496297.38756068
5.493827979080379 65609626.17914658
5.572670022957027 64681382.26650919
5.193033954128623 69409906.26749757
5.64502808265388 63852295.280441485
5.523844039998949 65253109.49946165
5.492060910910368 65630736.047363296
6.0140760615468025 59934060.7453664
5.583783029578626 64552651.50716302
5.266427993774414 68442595.32762913
4.955998971126974 72729635.76060542
5.220122984610498 69049714.16624488
5.300004966557026 68008992.87348276
6.060941959731281 59470623.938458055
5.6570860324427485 63716195.57009943
5.4665160132572055 65937426.896007255
5.678507965058088 63475828.90047294
5.216813995502889 69093511.92331587
5.453313002362847 66097067.93720124
5.313073052093387 67841717.30106008
5.3173559717834 67787073.48402491
5.146310082636774 70040085.850272
5.636934074573219 63943980.048638426
5.383225972764194 66957620.17489973
5.389963043853641 66873927.9040199
4.887743038125336 73745284.31393309
5.449834046885371 66139261.654398315
5.54765691049397 64973015.78224406
5.5932949762791395 64442873.39191665
5.4806669941172 65767177.6787196
5.71639696136117 63055103.14213226
5.205790977925062 69239814.18548393
5.6407119845971465 63901153.07859364
5.44668803922832 66177463.69976934
5.207653972320259 69215044.22449236
5.30390499625355 67958984.98457362
5.293910042382777 68087292.21204582
5.491978023201227 65631726.57961547
5.228255991823971 68942301.32642208
5.070691928267479 71084578.8107572
5.176012986339629 69638156.03849585
5.4138380801305175 66579013.75419604
5.4991589859128 65546022.75063513
5.449762102216482 66140134.78742523
6.008708965964615 59987595.01278908
5.459791980683804 66018632.44519734
5.597995012067258 64388767.62537374
5.502904066815972 65501414.4574318
6.078622071072459 59297649.333281495
5.1850860472768545 69516300.54226448
4.819868947379291 74783776.06013261
5.30172698199749 67986903.36638135
5.632881075143814 63989989.34853198
5.50353794824332 65493870.195816815
5.379611975513399 67002601.97959741
5.208840942941606 69199271.76667503
5.0214549992233515 71781585.22893247
5.0012500723823905 72071581.061392
5.340342060662806 67495301.96859032
5.412201979197562 66599140.49501931
5.515599972568452 65350642.140958235
5.5730059975758195 64677482.880296536
5.645347060635686 63848687.446226254
5.152050056494772 69962053.17252545
5.312546039931476 67848447.29640202
5.627920036204159 64046396.835998744
5.51253801677376 65386941.35137302
5.358241964131594 67269825.14281017
5.986350006423891 60211648.10163237
5.613985005766153 64205372.766365066
6.468686042353511 55721980.88452253
4.885485046543181 73779368.18270315
5.060322000645101 71230249.7655385
4.7655790112912655 75635720.05541761
5.924592027440667 60839294.64350105
5.144451046362519 70065396.04548508
5.585800972767174 64529331.02294837
5.542431958019733 65034267.038396835
5.325525999069214 67683079.57993229
5.9487828984856606 60591890.164920405
5.055538029409945 71297653.76170447
5.272123962640762 68368650.38724443
5.4287329548969865 66396340.17636804
5.19466504920274 69388111.95445997
5.008427076973021 71968303.51333508
5.100679001770914 70666670.04037216
5.351344938389957 67356525.16326988
5.944521981291473 60635321.24776349
5.112793063744903 70499235.05724427
4.921027924865484 73246485.38950382
5.524756037630141 65242337.85979356
5.032913060858846 71618165.3927658
5.55056391749531 64938987.34574919
5.8216400211676955 61915198.92837721
5.75934792868793 62584862.811390474
5.065420991741121 71158547.45097986
5.42316900100559 66464460.15847266
5.697935004718602 63259408.83872913
4.958620993420482 72691177.74443196
5.600931006483734 64355015.18992811
4.554176004603505 79146699.5644542
5.395342945121229 66807245.37185116
6.272863014601171 57461481.17071823
5.057538975961506 71269445.8141025
5.638111033476889 63930631.70622241
4.7278261044994 76239690.72317764
6.15375698544085 58573648.72431305
6.062830914743245 59452095.08044884
6.022767978720367 59847565.317730024
5.2085480419918895 69203163.16448046
6.380641018040478 56490875.913701706
6.416138960048556 56178334.39150953
5.696988082490861 63269923.47198371
5.069790058769286 71097224.11020316
5.474719917401671 65838619.224026054
5.777559010311961 62387592.98808745
5.360099952667952 67246507.18884255
6.161562050692737 58499451.443400666
5.677759065292776 63484201.399696656
5.553463939577341 64905076.16898881
5.4303479846566916 66376593.36352597
6.039793021045625 59678866.269758075
5.980783957056701 60267684.40192677
5.6225539883598685 64107521.376623504
4.662091960199177 77314648.24743626
4.703087965026498 76640709.82307668
4.954685107804835 72748921.91073993
5.777718964964151 62385865.80374396
5.49465196672827 65599787.24450946
4.604392917826772 78283501.52404629
5.638367030769587 63927729.08059554
5.058075068518519 71261892.14617036
4.778217989951372 75435654.20372717
5.468629999086261 65911937.73581799
5.396203952841461 66796585.73879516
5.107067991048098 70578265.38276164
5.311574088409543 67860862.71234329
5.096297012642026 70727431.91887403
5.2912619430571795 68121367.6206211
5.374048952944577 67071960.668036245
6.184478988870978 58282678.40324613
5.218505975790322 69071109.94452998
5.876162089407444 61340717.719437145
5.058003938756883 71262894.28880677
4.496156005188823 80168036.78164688
5.372944986447692 67085741.78763539
5.7267979718744755 62940582.46340047
5.481879925355315 65752625.90718586
5.353761021979153 67326128.02854456
6.487295962870121 55562132.8305376
5.303637939505279 67962406.95751989
5.72933501098305 62912711.38954635
4.957244964316487 72711355.31824563
4.976985976099968 72422948.6944329
5.114407045766711 70476987.21953495
4.602279979735613 78319442.01289263
5.003622034564614 72037415.59815161
5.452475044876337 66107225.99064642
5.254953051917255 68592049.5271583
5.481845000758767 65753044.81431138
5.459395935758948 66023421.682804115
5.375552922487259 67053195.30799472
5.406266078352928 66672264.14239197
5.137991975061595 70153476.64019637
5.557870026677847 64853621.66978447
4.704055958427489 76624938.81567122
4.827319993637502 74668346.09577927
4.988660919480026 72253457.55461165
4.970849025994539 72512361.19123204
5.481130909174681 65761611.239143774
5.624430952593684 64086127.65239492
5.502777989022434 65502915.20375028
6.114159012213349 58952997.34272309
5.972449900582433 60351782.93665538
5.89309202041477 61164495.43827602
5.404394003562629 66695359.32472525
5.475183017551899 65833050.483336344
5.101953051052988 70649023.30404775
5.388682009652257 66889825.62978521
6.251789978705347 57655167.75639406
5.094281048513949 70755420.94505095
4.469379084184766 80648339.11168385
5.287744104862213 68166687.50451805
5.7870810851454735 62284940.31735849
5.670994054526091 63559932.62104057
5.5625500390306115 64799057.53132164
5.308767082169652 67896744.08783586
5.047674989327788 71408718.02603951
4.932077950797975 73082381.0158317
5.996530991978943 60109420.01002597
5.521403043530881 65281957.71223706
5.204221000894904 69260702.02207369
6.0980250127613544 59108973.68339576
5.429532960988581 66386557.1108664
6.218597991392016 57962904.25895736
5.546986940316856 64980863.282762736
5.698090069927275 63257687.32620269
5.662686075083911 63653184.23459644
5.094814929179847 70748006.55379727
5.582254030741751 64570332.7034196
6.000602035783231 60068639.42160303
5.782697000540793 62332160.92184861
6.039830972440541 59678491.276445806
6.402197061106563 56300672.4972161
4.700777004472911 76678387.35107502
4.567069001495838 78923265.63972288
5.796769983135164 62180835.37015779
5.445075104944408 66197066.71680152
4.724815953522921 76288262.55787647
5.99962892010808 60078382.31326926
5.559241981245577 64837616.57002737
5.377684021368623 67026623.090485305
5.391630926169455 66853240.68650306
5.914267967455089 60945496.88709842
6.169043015688658 58428511.372563794
4.48268698528409 80408915.7202567
5.4844769183546305 65721490.921715125
5.952174076810479 60557368.677152164
5.748364957980812 62704439.02479916
5.33742702100426 67532164.57696506
6.0310730477795005 59765152.427180186
5.469225929118693 65904755.932816684
5.06609003059566 71149150.09862533
5.28383906930685 68217066.2792886
5.6855190778151155 63397553.51564423
5.506778019480407 65455334.99351225
6.147672072984278 58631624.41340612
5.261568003334105 68505814.19295435
5.094413994811475 70753574.47728172
5.050191888585687 71373129.56655672
5.327656981535256 67656007.368577
5.25654898956418 68571224.3366507
5.342190968804061 67471942.14973792
5.974612897261977 60329933.70418772
5.471321055665612 65879519.10201874
5.953034036792815 60548620.715461366
5.512953968718648 65382007.91177245
6.013756967149675 59937240.891003385
5.529714049771428 65183840.747587875
5.574574926868081 64659279.80673993
5.4010560270398855 66736578.5867524
5.568166961893439 64733691.08124421
4.781792056746781 75379271.14405416
5.313611007295549 67834848.93890567
6.101349019445479 59076771.194570884
5.573936039581895 64666691.08514519
5.281838006339967 68242910.81387618
5.394254927523434 66820720.3483959
5.63316501211375 63986763.96393152
5.233792006038129 68869377.99288887
4.884570022113621 73793189.24043782
5.136101972311735 70179291.98897195
5.04889409057796 71391475.74369867
5.632915999740362 63989592.60472091
6.050980999134481 59568522.864566535
4.901233012787998 73542310.4878999
5.619250005111098 64145215.05043333
5.87740505579859 61327745.251177736
4.854251048527658 74254091.18659559
5.83538506180048 61769359.893584386
5.167993018403649 69746224.25309302
5.489587900228798 65660302.11210882
5.540714948438108 65054420.477199964
5.0299810245633125 71659912.48074201
4.984649014659226 72311610.89576574
5.344341974705458 67444785.85127692
5.989202996715903 60182965.946829095
5.915187997743487 60936017.610514306
5.2222959930077195 69020982.43428065
5.882730009034276 61272232.35580245
5.290854023769498 68126619.70650947
5.108827957883477 70553951.50736864
5.230027949437499 68918943.35646275
5.063769058324397 71181761.22338256
6.246216013096273 57706617.77374628
6.135227042250335 58750556.01329328
4.963613930158317 72618057.139771
5.307824001647532 67908807.80676188
5.412593018263578 66594328.96280013
5.927002988755703 60814546.691442005
5.34218898974359 67471967.14530694
6.219784030690789 57951851.418218374
5.443911999464035 66211209.88647261
5.880839074961841 61291933.92395946
5.400740075856447 66740482.77408357
5.859052995219827 61519839.51912971
5.37741300649941 67030001.148199804
5.399217014200985 66759309.55395051
5.426762974821031 66420442.844546236
5.0079599022865295 71975017.1792364
5.8644970413297415 61462730.30061423
6.229158025234938 57864642.145822816
5.288991960696876 68150604.62911111
5.431344965472817 66364409.23774426
5.818948964588344 61943832.501974784
5.552685004658997 64914181.102937594
5.989525932818651 60179721.073579915
5.39162999484688 66853252.23438975
6.134268012829125 58759741.05568324
5.500770988874137 65526814.46456185
5.748454947024584 62703457.41973135
5.021838005632162 71776110.57858603
5.45879197306931 66030726.53771256
5.046988953836262 71418424.58878778
4.929248010739684 73124338.48219195
6.044867914170027 59628763.62526613
5.483136046677828 65737562.76180517
4.959465004503727 72678807.02307093
5.479560000821948 65780464.114989504
4.776236019097269 75466957.3611495
5.468228016979992 65916783.0750169
5.0788570661097765 70970298.10214572
5.080963019281626 70940882.39417301
5.61557593755424 64187182.93692711
5.407860968261957 66652601.114456
6.0949529288336635 59138766.8139015
5.455992068164051 66064612.17259271
5.533884046599269 65134722.18875017
5.050310050137341 71371459.65725367
5.518505000509322 65316240.533755615
5.543584004044533 65020751.87045446
5.241661914624274 68765976.49198769
6.043331930413842 59643918.97555705
4.945863038301468 72878686.1279092
5.046773934736848 71421467.38910641
5.628669052384794 64037874.0774043
5.393938045017421 66824645.925060086
5.686060059815645 63391521.75815859
5.607480998151004 64279843.32338409
5.361482966691256 67229160.70783381
5.669061909429729 63581595.29012071
4.94395790155977 72906769.67259009
5.681010079570115 63447871.936758704
5.572433932684362 64684122.65703873
5.644281976856291 63860735.78144647
5.815815995447338 61977201.52806782
5.211368086747825 69165715.02914871
5.401556030847132 66730401.00696142
6.097163073718548 59117329.755159296
5.060144932940602 71232742.2982592
5.703293951228261 63199968.83947634
5.144287017174065 70067630.12962806
5.914808949455619 60939922.67208809
4.561754991300404 79015203.72913502
5.581049015745521 64584274.20778549
5.773311015218496 62433497.701727144
5.525260930880904 65236376.07509932
5.505262059159577 65473359.147416376
5.12954406440258 70269013.28353831
4.99240099452436 72199328.61870222
5.4931640625 65617555.91111111
5.44939108658582 66144637.86371951
5.490142968483269 65653663.67855789
4.782842937856913 75362708.89160933
6.085940985940397 59226338.348120496
5.629895022138953 64023929.146560855
5.33470802474767 67566584.3993494
6.032855017110705 59747499.14885707
5.496172001585364 65581644.80588111
5.423377035185695 66461910.66221129
5.612283945083618 64224833.156518
5.309616099111736 67885887.27917647
6.156075047329068 58551592.894629724
4.9762900453060865 72433076.99477738
5.97417401149869 60334365.77278028
5.529884016141295 65181837.25877084
5.306469043716788 67926147.69453792
4.902950953692198 73516542.05893338
5.349687999114394 67377387.25317623
5.422083078883588 66477771.505156755
5.472823977470398 65861427.57081751
5.563569953665137 64787178.556557216
5.472527001984417 65865001.64719084
5.433002021163702 66344168.21416812
6.000136025249958 60073304.752284214
4.9531180411577225 72771938.20233493
5.897901952266693 61114613.79270165
5.565099068917334 64769377.06521793
5.344778997823596 67439271.13670652
5.25812606792897 68550657.65701021
6.311236065812409 57112108.66481852
5.440292996354401 66255255.046288885
5.49802603200078 65559529.52969737
6.295035011135042 57259093.771903984
5.2899320144206285 68138493.84404187
5.348830949515104 67388183.21275909
6.045372923836112 59623782.443395816
5.4829108994454145 65740262.17286489
5.27873495593667 68283026.71166056
5.585193983279169 64536343.96210791
5.854294053278863 61569848.852761485
5.471204058267176 65880927.88375363
5.676947068423033 63493281.80368728
5.554468953050673 64893332.38635381
6.051460048183799 59563807.2679964
5.4075130028650165 66656890.10993166
5.292769055813551 68101970.10279255
5.548093002289534 64967908.76635518
