26.199982967227697 27515132.39156431
14.657655032351613 49182219.01176388
14.35946801211685 50203531.174810335
14.71093506552279 49004090.95608915
12.669367017224431 56900711.69458724
13.946104096248746 51691568.84422713
14.334838022477925 50289790.43011089
13.93324404489249 51739278.927240126
14.236790011636913 50636133.525236495
14.591996907256544 49403519.24290096
14.255875023081899 50568344.54796963
12.005957076326013 60044859.01598809
15.216252999380231 47376709.62945757
14.374598977155983 50150686.02231221
15.067673986777663 47843880.92233797
14.755087089724839 48857454.7622981
14.808469917625189 48681329.2669746
14.254273963160813 50574024.45491829
13.993801898323 51515378.396659404
15.412173001095653 46774455.48714977
15.018954989500344 47999078.53136079
15.017993049696088 48002152.99171339
14.736589975655079 48918779.798509955
14.87048005219549 48478327.361971505
14.010995044372976 51452162.94181208
13.731403974816203 52499802.738463186
14.212024048902094 50724372.37085105
14.015684952028096 51434946.09556595
14.763819985091686 48828555.26062709
14.929546043276787 48286531.814853184
14.253393979743123 50577146.82022647
15.193599974736571 47447346.329946995
13.8102249475196 52200163.48317898
12.034135055728257 59904263.718301296
14.053182094357908 51297705.75515608
13.496531988494098 53413425.06464399
14.114293968304992 51075597.66140917
13.897455995902419 51872515.387891985
15.001612016931176 48054569.01474186
13.165230979211628 54757565.67722364
14.026197022758424 51396397.67146426
12.012890074402094 60010205.33236507
13.43867601826787 53643379.67669209
13.234603917226195 54470538.333352
14.853677013888955 48533167.8698766
11.61464094184339 62067867.92718404
14.493455062620342 49739416.646017164
11.993728927336633 60106077.46494105
14.824685058556497 48628081.95604223
14.482242055237293 49777927.8408966
14.197560027241707 50776048.74476838
13.895723037421703 51878984.49462471
14.608011930249631 49349357.28709258
14.889730955474079 48415649.82978883
13.093009940348566 55059608.39290466
15.355103998444974 46948298.108108275
15.246273949742317 47283421.665933274
14.784731902182102 48759490.85648295
14.898499939590693 48387153.26529747
12.12645007763058 59448230.552634895
14.52675904147327 49625384.29541463
15.351916081272066 46958047.20294343
15.683136996813118 45966314.01909511
15.116802998818457 47688390.201046206
15.399554977193475 46812781.34774913
13.945467071607709 51693930.09917245
14.255435089580715 50569905.12530216
14.390341006219387 50095824.67075899
15.106045990251005 47722349.08229758
14.716612990014255 48985184.328021236
15.139220049604774 47617776.717554204
14.568349113687873 49483712.5589387
14.616610947996378 49320324.83896818
14.460779028013349 49851809.40829563
14.478584984317422 49790500.99031386
15.048705972731113 47904185.33701793
14.995853998698294 48073020.72043226
14.12184804212302 51048276.248950735
15.068428008817136 47841486.82119828
14.470673049800098 49817724.27025837
14.707260997965932 49016332.823610224
14.226073981262743 50674276.0475938
14.988485025241971 48096655.45156469
11.567858047783375 62318883.67078792
14.57539398688823 49459795.09360127
14.046227093786001 51323105.85516033
14.564412063919008 49497088.98898185
11.931454995647073 60419789.561541565
15.017191064544022 48004716.52132429
14.19831404928118 50773352.209130555
14.684521011076868 49092237.973319784
15.018990961834788 47998963.56765182
14.584442018531263 49429110.76639176
11.248116032220423 64090377.26273279
14.969381969422102 48158033.6097089
14.05145600438118 51304007.19862966
13.660991098731756 52770402.58571911
14.419557061046362 49994323.46971744
13.812173972837627 52192797.557986185
11.752748978324234 61338500.57799745
14.406686997972429 50038985.375434175
14.17107810266316 50870935.49110583
14.107426977716386 51100459.434502326
11.094170971773565 64979708.87902715
15.164008014835417 47539937.943499185
14.443280058912933 49912208.10366658
14.171128976158798 50870752.86752523
15.028503956273198 47968580.378826305
14.602415030822158 49368272.19869887
14.388310955837369 50102892.70315853
15.189392026513815 47460490.7649787
14.376650098711252 50143531.00689446
14.990260009653866 48090960.36598007
14.655331964604557 49190015.056711264
13.8923570048064 51891554.45332915
15.019165934063494 47998404.38309605
15.069390996359289 47838429.58047647
14.061152935028076 51268626.64327892
13.864160981029272 51997088.1026571
14.729121001437306 48943585.970245816
14.224829035811126 50678711.01896116
14.249657979235053 50590407.22594936
14.469543937593699 49821611.7321446
13.828761060722172 52130194.22597161
15.088834916241467 47776783.56226397
14.728227048180997 48946556.67934138
14.927659998647869 48292632.60720689
11.245326022617519 64106278.337335445
14.461145037785172 49850547.665235944
12.281415052711964 58698122.073548265
14.428855967707932 49962103.82953296
14.693333068862557 49062795.80142983
14.144610962830484 50966124.264172845
13.973889057524502 51588787.99111547
15.316442935727537 47066802.84874885
14.915982028469443 48330441.71171963
14.424153952859342 49978390.5770844
11.59434299916029 62176528.67887471
14.395904960110784 50076462.85506266
12.400556006468832 58134167.50216199
14.851783984340727 48539353.97660584
10.436374926939607 69075325.96774939
13.59556894749403 53024334.82438978
15.615812037140131 46164490.08770372
14.627441996708512 49283805.06736701
14.978413004428148 48128997.36353095
14.95642401278019 48199756.79908499
14.742144965566695 48900346.70557104
14.84953099861741 48546718.416030794
14.802785008214414 48700025.00204913
14.493258902803063 49740089.84691327
15.35041502211243 46962639.053181425
15.025923028588295 47976819.70208582
14.837032998912036 48587611.82595345
14.223820995539427 50682302.61236218
14.26073000766337 50551128.84211454
14.938953099772334 48256125.79311105
15.111002023331821 47706697.33793403
15.11913607828319 47681031.26179808
14.623741968534887 49296274.616381556
14.093606965616345 51150567.896404624
13.999538961797953 51494267.20174046
14.35662095900625 50213487.00773247
15.133503009565175 47635765.46318163
14.645357034169137 49223518.30126605
14.732414041645825 48932645.93040622
14.806622988544405 48687401.614651985
14.80312889907509 48698893.65383031
15.193901024758816 47446406.214262106
14.459731988608837 49855419.213019386
14.70906101167202 49010334.47532445
14.764699037186801 48825648.13440019
15.332805924117565 47016573.71571336
11.979451985098422 60177711.04193605
14.747319044545293 48883190.07831077
11.843277956359088 60869634.459007576
15.443184995092452 46680526.08507163
14.960470027290285 48186721.31857961
14.4958330783993 49731256.98268628
14.282048912718892 50475670.85126038
15.347341890446842 46972042.790597595
15.001785010099411 48054014.87320894
13.76523997168988 52370754.268187284
15.026455046609044 47975121.06241462
14.526046928949654 49627817.08788864
15.39996499195695 46811534.98572935
13.976870919577777 51577781.90469096
12.18671293463558 59154261.19139624
14.692872995510697 49064332.08946028
14.274780987761915 50501370.25696157
14.827591017819941 48618551.667200714
13.581304927356541 53080024.626198776
15.071759931743145 47830910.475272134
10.706046014092863 67335410.20195983
15.294537995941937 47134212.239119194
14.725044020451605 48957137.17383445
13.86511605232954 51993506.38532009
15.330607071518898 47023317.25266613
14.336925931274891 50282466.64980122
12.887657969258726 55936928.31696593
11.765619041398168 61271404.20435815
11.786140035837889 61164723.80338138
12.237729970365763 58907657.03653239
11.328418971970677 63636064.46616035
14.346236945129931 50249832.25616667
14.854387962259352 48530845.01573444
14.00350104086101 51479697.67678008
14.152781921438873 50936699.51262194
14.818056020885706 48649836.32022405
14.85874003265053 48516630.5094447
13.975294074043632 51583601.47418457
11.95359998382628 60307857.12884842
14.797857962548733 48716240.00071395
15.145192039199173 47599000.27244016
14.818419003859162 48648644.62344174
10.778591968119144 66882205.22052063
14.385373098775744 50113124.98119018
14.664728078059852 49158497.59795715
14.193968963809311 50788895.046768464
14.647634932771325 49215863.401069
13.958427007310092 51645934.00262533
14.194413903169334 50787303.01354944
14.580768998712301 49441562.38012315
11.336798081174493 63589030.59207659
14.688977040350437 49077345.41484459
11.587069951929152 62215556.04572636
14.652748010121286 49198689.522405356
14.431981020607054 49951285.20267946
14.080260996706784 51199050.93865871
13.844576082192361 52070644.54124061
14.091040939092636 51159882.58894525
14.069243101403117 51239145.90175114
11.930118082091212 60426560.32735891
12.583533069118857 57288838.99619137
14.889491954818368 48416426.98001605
10.995435994118452 65563202.803928204
14.25003306940198 50589075.582422726
14.757091994397342 48850816.968119085
15.210018958896399 47396127.64113914
14.015917899087071 51434091.237574644
13.574214070104063 53107752.41033704
14.793224050663412 48731500.14703326
14.515997027046978 49662176.05699341
10.414129006676376 69222879.75670764
15.436648041941226 46700293.87476688
13.979985960759223 51566289.26692067
13.840807019732893 52084824.17045594
15.20489202812314 47412109.120316185
13.985152007080615 51547240.933456704
14.18656506575644 50815401.519575745
14.884004020132124 48434278.77504703
13.926145038567483 51765653.59642091
11.704118107445538 61593363.41124277
14.202060992829502 50759956.62629348
14.525222941301763 49630632.377432734
14.338255976326764 50277802.348503076
14.417101047001779 50002840.213838935
14.651002013124526 49204552.654774986
14.863361022435129 48501546.7841938
12.298736022785306 58615454.357620895
14.746771077625453 48885006.50110313
14.401815016753972 50055913.03327842
13.725630939006805 52521884.291037515
11.936936993151903 60392041.97974493
15.21987107116729 47365447.22548105
15.200157067738473 47426878.339965545
13.867650064639747 51984005.69957902
14.331763028167188 50300580.50661137
14.993653981946409 48080074.46803948
14.62872710544616 49279475.56910923
14.589463011361659 49412099.63921198
14.909341000020504 48351969.412934385
14.943685033358634 48240845.44011409
14.613947016187012 49329315.29048968
14.542025048285723 49573288.28731335
13.314316049218178 54144425.99492982
15.109288971871138 47712106.19785532
14.742068946361542 48900598.86593617
15.14926296658814 47586209.41427605
14.705982990562916 49020592.53452227
14.707707101479173 49014846.09572478
14.526469050906599 49626374.962400705
14.259536983445287 50555358.20250892
14.89347091410309 48403491.98368267
15.037975972518325 47938366.26135237
13.198559987358749 54619291.853842854
14.146814006380737 50958187.4530088
14.983342960476875 48113161.522203855
16.138604027219117 44669043.170285866
10.800244053825736 66748121.28385556
15.025916043668985 47976842.004500754
15.139480936340988 47616956.15795868
14.880353934131563 48446159.49264868
15.17516898456961 47504973.46902827
14.71928902901709 48976278.5810409
15.010613948106766 48025750.47844222
14.83031501993537 48609621.51046348
11.677889036945999 61731704.90995937
14.57516208756715 49460582.02775913
14.24464990850538 50608193.57656225
13.935043010860682 51732599.56486311
14.403918059542775 50048604.62410069
14.61050403304398 49340939.80396426
15.17219201195985 47514294.53514272
13.793203979730606 52264579.06802302
12.26914906874299 58756805.053136244
14.435568009503186 49938873.17252924
10.968695976771414 65723035.9494559
14.870481914840639 48478321.28967863
13.857268961146474 52022949.25654362
14.449869049713016 49889448.653122395
10.58965700212866 68075481.5623481
15.101243974640965 47737524.22055941
14.530045096762478 49614161.2224333
14.696315978653729 49052837.530650206
14.780801953747869 48772455.12495398
14.51245998032391 49674279.96200476
15.116112888790667 47690567.36368908
13.599255005829036 53009962.65538097
13.52424407377839 53303977.365930274
13.75444105360657 52411871.71404344
13.71306600049138 52570008.77660533
13.932909932918847 51740519.63809525
14.723437023349106 48962480.62573772
15.028035966679454 47970074.17325784
14.499178971163929 49719780.78439636
14.201440033502877 50762176.11026213
14.790499932132661 48740475.52874388
13.9704670291394 51601424.52620699
15.036183991469443 47944079.455863915
15.505639952607453 46492502.225215994
14.601600938476622 49371024.65938305
14.77048103697598 48806535.02044588
14.972219010815024 48148908.28669207
14.499205048196018 49719691.362644285
11.312462971545756 63725821.84916495
14.87461302895099 48464857.445158035
14.516046969220042 49662005.19525698
13.725053984671831 52524092.13144795
15.071150031872094 47832846.09837119
14.77905793581158 48778210.5686977
14.267432037740946 50527382.78991263
13.935388997197151 51731315.153455354
14.594359905458987 49395520.23315188
13.644556980580091 52833961.63217543
15.110285952687263 47708958.13998765
14.879279071465135 48449659.189638056
10.80135500524193 66741256.04150099
13.303305022418499 54189240.852942824
13.613810995593667 52953284.00205716
13.58962303493172 53047534.73639102
13.943008030764759 51703047.03327777
13.855635072104633 52029083.924949095
12.992723961360753 55484592.926308826
15.296418918296695 47128416.3862501
14.852416003122926 48537288.46865194
15.100468997843564 47739974.17583177
13.940368895418942 51712835.24906572
13.669595937244594 52737184.28178444
14.035642961971462 51361808.07343236
14.899745932780206 48383106.88331885
13.347054016776383 54011619.275225855
13.06003495119512 55198627.16248175
14.451539027504623 49883683.57362964
14.349978999234736 50236728.57210762
15.06866596173495 47840731.34480703
14.412844902835786 50017606.16033277
14.55203804653138 49539177.79041491
14.14523902349174 50963861.32484366
14.851292944513261 48540958.87094676
14.466152992099524 49833290.19081346
11.789644951932132 61146540.28507082
14.73980606533587 48908106.17212644
14.743473962880671 48895938.76009036
13.683080091141164 52685213.796762735
11.22966397088021 64195687.588637106
14.794419053941965 48727563.91254969
13.807130977511406 52211860.753271
15.539690968580544 46390626.52259741
15.010241069830954 48026943.51451337
14.767348067834973 48816889.57885381
14.552651904523373 49537088.13552568
15.080327983014286 47803734.82672132
14.957434963434935 48196499.04962369
14.875347027555108 48462466.029505834
11.935938033275306 60397096.3983114
14.378586085513234 50136779.493661046
11.542525957338512 62455653.35217361
15.834846068173647 45525924.085168354
14.63723904453218 49250818.2592874
14.725524000823498 48955541.40957464
15.06140106357634 47863807.42116848
13.991373009048402 51524321.41819014
12.267388985492289 58765235.27969555
14.754603966139257 48859054.54693355
12.857331079430878 56068868.06806176
15.627168002538383 46130943.23187042
11.766034993343055 61269238.142489456
14.920386020094156 48316176.20543645
11.721889022737741 61499985.0793357
14.599977061152458 49376515.934272
14.993413002230227 48080847.228897706
14.368230011314154 50172916.17912129
14.592192019335926 49402858.66885181
15.055240015499294 47883394.70229908
15.302783926017582 47108813.891983576
14.953745063394308 48208391.74025385
14.486227999441326 49764231.24279157
14.601039933040738 49372921.6073632
14.114642981439829 51074334.71381093
14.356312924064696 50214564.40891601
11.19820901658386 64376008.60391133
14.843877055682242 48565209.56727008
14.579343027435243 49446398.14314171
14.83987201936543 48578316.5150791
11.191091034561396 64416954.32318977
14.67302197124809 49130710.86600986
15.226906980387866 47343561.03498289
13.816846068948507 52175148.82937838
14.787533902563155 48750251.71540236
14.023181982338428 51407448.10328614
15.071462956257164 47831852.958953016
14.839134993962944 48580729.2873395
14.447234920226038 49898544.87592987
14.920842018909752 48314699.605181865
14.561521937139332 49506913.02132
15.192552004009485 47450619.21194987
11.471044970676303 62844841.23659554
13.982282020151615 51557821.46011836
11.46578707266599 62873660.17101341
14.129553106613457 51020438.83203769
14.217850985005498 50703583.87918645
14.967241906560957 48164919.395335756
14.572006068192422 49471294.24915366
15.316192992031574 47067570.9280403
14.444462954998016 49908120.65813485
13.469326077029109 53521311.74769258
15.097388997673988 47749713.55053952
14.73175990395248 48934818.69783841
14.981620945036411 48118691.73868275
14.684348017908633 49092816.31849196
14.996225014328957 48071831.36497224
14.254749985411763 50572335.589032516
15.025914995931089 47976845.34986479
14.886883087456226 48424911.76728802
14.267741004005075 50526288.62534289
14.50464699883014 49701037.195744455
14.360117027536035 50201262.19150278
15.544933965429664 46374979.887543984
11.355864000506699 63482267.83693725
14.697375940158963 49049299.884221576
11.551321018487215 62408100.23773454
14.463191968388855 49843492.47217418
14.8573680780828 48521110.6173944
14.669856987893581 49141310.68864034
10.86126605514437 66373109.39073739
14.302424038760364 50403763.589048386
11.564552085474133 62336698.79056488
14.493803028017282 49738222.50836928
14.425341971218586 49974274.53978771
15.296056983061135 47129531.53863906
14.64020588900894 49240837.55824835
15.048271976411343 47905566.90695304
14.677301980555058 49116383.989037305
14.092338038608432 51155173.68551471
15.569467097520828 46301905.87029086
14.162068022415042 50903300.20015441
14.842256088741124 48570513.51828173
14.885099022649229 48430715.77173129
13.863101019524038 52001063.75800979
14.81946709100157 48645204.01261463
13.796838000416756 52250812.82959358
14.848990016616881 48548487.08183355
15.015288954600692 48010797.6729357
14.440304948948324 49922491.42581316
14.152024989016354 50939423.9029044
14.176032971590757 50853154.859663464
14.578870963305235 49447999.21849111
14.956554980017245 48199334.73738809
14.601413044147193 49371659.9770433
14.874591957777739 48464926.09990908
10.96302701625973 65757021.20689921
14.875764958560467 48461104.488287196
14.584042015485466 49430466.480729155
15.29295404907316 47139094.10090004
15.176323940977454 47501358.221111454
14.765054918825626 48824471.2913901
14.704351080581546 49026032.91021865
14.082589070312679 51190586.92976502
12.073520920239389 59708845.8919659
14.362202025949955 50193974.34303379
14.555020024999976 49529028.38757868
14.902335009537637 48374700.980659716
14.907633070833981 48357508.9737348
15.088728978298604 47777119.0029876
10.787256062030792 66828486.860289216
14.226901927031577 50671327.01816649
15.245719929225743 47285139.917732365
14.442924060858786 49913438.37039707
14.831374981440604 48606147.50163763
14.563530101440847 49500086.51602114
15.179981011897326 47489914.47584796
13.938153977505863 51721052.95747346
15.520415967330337 46448239.629495
14.589417958632112 49412252.225831114
14.887716039083898 48422202.445793
14.634713996201754 49259315.910587594
10.80673502292484 66708029.619559385
15.095962909981608 47754224.37765371
15.258675091899931 47244993.13722773
14.395075966604054 50079346.69274738
14.836934977211058 48587932.824890554
14.719503931701183 48975563.53427215
14.049886027351022 51309740.0645547
14.322470990009606 50333214.185097575
15.428590937517583 46724681.65884176
14.888342004269361 48420166.58357773
14.320692047476768 50339466.66893225
14.771093032322824 48804512.87000226
15.42230206541717 46743734.945804924
14.11896396894008 51058703.85290871
14.798030955716968 48715670.49408652
14.53773700632155 49587910.39393047
14.962472952902317 48180270.88631532
14.626836986280978 49285843.59531412
14.511021901853383 49679202.80706939
14.38329298980534 50120372.33135417
14.669872005470097 49141260.38258497
14.154498931020498 50930520.64316525
14.539110008627176 49583227.554660276
15.503695933148265 46498331.953135185
11.309015098959208 63745250.46538717
14.558065100573003 49518668.51946043
15.214794082567096 47381252.48937762
14.236571965739131 50636909.06314136
11.836742050945759 60903244.90448791
14.48367303237319 49773009.81516836
14.667161973193288 49150340.148800366
13.022288912907243 55358624.34179853
15.162183088250458 47545659.869958945
14.823728939518332 48631218.42967429
14.684347086586058 49092819.432096384
14.365059090778232 50183991.26967637
14.293874031864107 50433913.04505471
15.1010180125013 47738238.5348597
11.573401978239417 62289031.46675849
14.936872059479356 48262848.95052705
11.539162951521575 62473855.601886734
14.58826195448637 49416167.75522055
13.524689013138413 53302223.75536276
14.610235928557813 49341845.23269092
11.863223044201732 60767297.15980052
14.455448021180928 49870194.19555195
12.050292920321226 59823939.94624846
15.162594034336507 47544371.2578133
14.217115007340908 50706208.6525832
15.344694955274463 46980145.392346494
10.877649998292327 66273138.050330065
15.523100038990378 46440208.346868776
15.285439905710518 47162267.127861924
14.925210969522595 48300556.78757745
14.055959065444767 51287571.10372169
14.90399509202689 48369312.761358455
13.706934987567365 52593522.96146995
14.79367003776133 48730031.03083205
14.39704792574048 50072487.34034636
14.180612051859498 50836733.79989753
14.803158934228122 48698794.84527668
13.911275076679885 51820986.6476202
14.662282075732946 49166698.35408029
14.673084020614624 49130503.1026329
10.759250028058887 67002439.58640111
14.852749998681247 48536197.00486491
14.907391043379903 48358294.077227995
15.070260036736727 47835670.93352564
11.66822004597634 61782859.524370484
14.546058024279773 49559543.81569945
14.606065000407398 49355935.35835233
14.874532003886998 48465121.444601834
13.228205032646656 54496887.38728035
15.056951087899506 47877953.23180314
14.448713976889849 49893436.96283592
15.230942983180285 47331015.60396452
15.439608017913997 46691340.81406545
14.028994948603213 51386147.23585566
14.811807894147933 48670358.48370827
14.47371207177639 49807264.12305388
15.133821056224406 47634764.367952
15.009138034656644 48030473.058174625
15.482121030800045 46563129.0806895
14.897393062710762 48390748.432653904
15.20300202537328 47418003.286248975
14.537930022925138 49587252.02715967
15.097660012543201 47748856.40563349
13.732544961385429 52495440.72326644
15.773214981891215 45703808.69262484
14.103990979492664 51112908.47024715
14.79562500026077 48723592.277264014
14.535117079503834 49596848.519132
14.656645013019443 49185608.258890815
15.237080049701035 47311952.0044882
14.170064008794725 50874576.117127776
13.08907603379339 55076156.49407108
14.544215984642506 49565820.58195552
14.094013022258878 51149094.219047375
14.77880694437772 48779038.97880264
12.285826029255986 58677047.70386176
12.357224943116307 58338017.09675772
14.501904021017253 49710437.950439
15.12489898595959 47662863.776426286
14.509013970382512 49686078.01133674
15.203588060103357 47416175.520550065
14.571193954907358 49474051.49028389
14.983743079937994 48111876.728934355
14.197540003806353 50776120.356535584
14.608548022806644 49347546.30470791
15.309787006117404 47087265.140393406
14.543495024554431 49568277.692733355
14.314137981273234 50362515.78286636
14.815474976785481 48658311.74022968
14.894727966748178 48399406.93172567
12.118756072595716 59485973.28649683
14.726534951478243 48952180.69798808
11.601221980527043 62139660.909001045
14.079601969569921 51201447.42429964
15.431052073836327 46717229.4248358
14.91214009001851 48342893.48465376
14.061328023672104 51267988.25732384
15.324655105359852 47041580.71054167
14.138563070446253 50987925.46371875
14.421400032006204 49987934.48625487
14.290119986981153 50447162.14116913
14.672285062260926 49133178.43409686
14.303368050605059 50400436.977464534
13.805015943944454 52219860.007928476
12.335606967099011 58440253.643192604
14.069987111724913 51236436.41430611
14.994130004197359 48078548.058353305
14.741929015144706 48901063.03316261
10.9163069864735 66038450.631085135
14.909264980815351 48352215.94945293
12.096830061636865 59593794.10364743
14.773069997318089 48797981.74183645
13.809849042445421 52201584.37534558
13.703136006370187 52608103.69720308
14.373900019563735 50153124.69258987
14.586793025955558 49421144.0936501
14.711002935655415 49003864.872648954
13.786584953777492 52289671.6204165
11.524770990945399 62551872.01258769
14.558737049810588 49516383.01684822
14.067629002965987 51245025.00371654
14.818207011558115 48649340.60090437
13.700085924938321 52619815.95952987
15.255748061463237 47254057.75551698
13.914064969867468 51810596.08110099
14.141181949526072 50978482.744446985
15.019514947198331 47997289.02926206
15.413507004268467 46770407.26684473
14.847939950414002 48551920.4958732
14.521997072733939 49641657.16253534
14.597162953577936 49386034.963958524
14.847673941403627 48552790.34581561
11.457607033662498 62918548.164726235
14.58810199983418 49416709.59033562
14.141933992505074 50975771.79910892
15.025725006125867 47977451.98358791
13.716156012378633 52558165.66605117
11.418131995014846 63136071.672208995
14.89121897611767 48410811.845300436
15.063992934301496 47855572.10123767
14.804046018980443 48695876.72692524
14.35726706404239 50211227.302825324
14.621361042372882 49304301.96688493
15.138132032006979 47621199.13314201
12.150084949098527 59332589.279837646
14.668248011730611 49146701.05274189
14.687533024698496 49082170.49028889
14.400345971807837 50061019.4651801
11.167080025188625 64555461.085076556
14.992167940363288 48084840.22241625
14.766223030164838 48820608.9348193
14.233060996048152 50649400.027173266
14.662998961284757 49164294.555527665
14.48889507446438 49755070.78317701
14.972773031331599 48147126.68731928
15.209972043521702 47396273.83516771
15.183583018369973 47478648.42756934
14.421224012039602 49988544.61994057
14.969457988627255 48157789.04938885
14.89405904430896 48401580.64738271
14.864258002489805 48498619.970081784
13.782105990685523 52306664.92386644
15.155403059907258 47566930.23276225
15.264667919836938 47226445.002656884
14.920347952283919 48316299.479440056
14.964975998736918 48172212.24149276
14.30629100650549 50390139.53177574
15.099226962774992 47743901.17966086
14.703348046168685 49029377.37285264
13.92002694774419 51788405.48989201
15.791416983120143 45651128.12679093
14.970861957408488 48153272.80759924
11.196654988452792 64384943.60534162
14.646845986135304 49218514.39432078
11.664933990687132 61800263.985680304
14.50541999656707 49698388.61409122
14.878285001032054 48452896.28139224
14.207956031896174 50738895.755422056
14.941486064344645 48247945.14384333
14.425278990529478 49974492.72719679
14.663201989606023 49163613.82125169
14.500950928777456 49713705.228073426
11.294555966742337 63826856.2414257
14.897938934154809 48388975.36002673
12.031742022372782 59916178.27738564
13.865754939615726 51991110.69966587
11.804445064626634 61069876.30958164
14.095467049628496 51143817.899882935
14.35120205860585 50232447.22331166
14.068091986700892 51243338.51964365
14.014819054864347 51438123.97276632
14.857772970572114 48519788.35777305
15.172854997217655 47512218.374998994
15.409682062454522 46782016.46719585
14.227838953956962 50667989.87062675
14.214763999916613 50714595.05090826
15.220912056975067 47362207.81655758
14.695947989821434 49054065.8213611
14.405239024199545 50044015.15233156
13.988428050652146 51535168.74016388
15.330915106460452 47022372.44117373
14.505262020975351 49698929.87507206
10.94216899946332 65882367.56673725
14.962943969294429 48178754.22639797
15.299219987355173 47119787.84512031
14.644760056398809 49225524.844636515
11.49538194295019 62711791.88109589
14.446028973907232 49902710.3782015
13.915151008404791 51806552.40928228
14.767202083021402 48817372.17024006
14.687082031741738 49083677.64556627
14.05317708849907 51297724.02782653
15.489885932765901 46539787.518711284
14.863785938359797 48500160.254565
11.665613041259348 61796666.617545925
15.123118995688856 47668473.69286095
14.638829976320267 49245465.735043
14.00040800217539 51491070.82364934
15.019000973552465 47998931.57137771
14.444910921156406 49906572.90548994
14.98461002483964 48109093.18327187
14.587801066227257 49417729.01393427
14.435051940381527 49940658.542649224
14.745866996236145 48888003.68157446
11.677997070364654 61731133.82854184
13.284859014675021 54264482.53637224
13.56919389218092 53127400.619974
15.263704932294786 47229424.52030344
11.246767011471093 64098064.73849108
15.274871955625713 47194896.434761606
14.590748935006559 49407744.81222173
14.180336031131446 50837723.33866759
14.027456985786557 51391781.18531778
14.863185002468526 48502121.17256639
15.424705925397575 46736450.178476825
15.119179035536945 47680895.78842652
14.889066922478378 48417809.10472275
15.133391018025577 47636117.98184105
15.080548007972538 47803037.370982036
14.36393999028951 50187901.12513343
14.254349051043391 50573758.04524948
14.925624011084437 48299220.150837936
15.098148956894875 47747310.088021636
14.253670000471175 50576167.39942554
13.915544026531279 51805089.23154888
14.688223018310964 49079864.807424314
14.774437993764877 48793463.433548756
14.269673032686114 50519447.66700089
14.509881031699479 49683108.93969919
14.673997065983713 49127446.10472448
15.7376789720729 45807008.853037156
14.562133932486176 49504832.41963441
10.656454949639738 67648763.44026315
14.140362967737019 50981435.31709993
15.443049021996558 46680937.09818444
14.933508937247097 48273718.05443154
15.25965693872422 47241953.268988125
13.671493041329086 52729866.28605397
13.492631958797574 53428864.15351718
14.639292028732598 49243911.4258459
14.703419059515 49029140.5748575
14.250762993469834 50586484.41001637
14.271107036620378 50514371.32032887
14.670723001472652 49138409.87438971
11.160396039485931 64594123.49252131
15.28047805186361 47177581.5882985
14.257016009651124 50564297.57194617
14.623053022660315 49298597.1454031
11.89733692444861 60593055.78869369
15.018173027783632 48001577.73294673
11.564282001927495 62338154.662766226
14.335816027596593 50286359.6053596
15.197019092738628 47436671.33671335
14.50413092970848 49702805.60025869
14.127937029115856 51026274.99785187
14.592199004255235 49402835.02094368
15.075301053002477 47819675.20684587
14.075194951146841 51217478.86989386
12.079252977855504 59680511.8099269
12.658552965149283 56949321.29957703
10.883660055696964 66236541.412615396
15.519604086875916 46450669.48644795
13.872410054318607 51966168.61650356
14.312850078567863 50367047.51623672
14.18880803976208 50807368.59500765
13.742815935984254 52456207.181848556
15.154237975366414 47570587.262245335
14.105367008596659 51107922.22284203
15.001142979599535 48056071.52604079
14.903274946846068 48371650.02800682
15.147292986512184 47592398.23524358
14.171974966302514 50867716.15911785
11.76639401819557 61267368.65051479
14.986944035626948 48101600.852467775
14.299308066256344 50414747.10941978
15.252851066179574 47263032.78463499
14.70283791422844 49031078.50371963
14.105979003943503 51105704.87865213
14.90450103301555 48367670.84004454
14.57031606696546 49477032.3915245
14.45717690512538 49864230.39095737
14.796058996580541 48722163.12239654
14.805632992647588 48690657.15447585
14.171732938848436 50868584.887303025
12.344522983767092 58398044.29445918
14.327923068776727 50314061.329026096
14.14774393197149 50954837.99158238
14.7772979689762 48784020.02270413
11.343074031174183 63553847.750509314
15.007804962806404 48034739.37638347
14.276969013735652 50493630.637317844
15.125682926736772 47660393.48383503
14.124604989774525 51038312.25877757
14.366804040037096 50177896.07145909
13.929167995229363 51754419.23357529
13.860567007213831 52010570.680463836
14.358244952745736 50207807.59574258
14.493950991891325 49737714.74757345
14.669038006104529 49144054.27949663
14.348021009936929 50243584.080392204
14.439066057093441 49926774.84468238
14.406705042347312 50038922.70168551
14.58285900298506 49434476.45296681
13.961663004010916 51633963.646945246
15.63073298893869 46120421.89641089
14.608209952712059 49348688.328932695
14.119302039034665 51057481.31224818
14.30790196172893 50384466.005447015
14.649418066255748 49209872.82495203
14.606175012886524 49355563.613607146
15.083236037753522 47794518.24499654
14.768593944609165 48812771.39203503
15.16826602164656 47526592.62246672
14.23332595732063 50648457.16044474
15.05632500629872 47879944.1230458
14.124969020485878 51036996.8921321
11.914714006707072 60504683.502616234
15.315526048652828 47069620.57391498
14.437259989790618 49933020.56690711
14.314526924863458 50361147.37035757
10.548023041337729 68344181.38591532
14.759934041649103 48841410.670657404
14.38016293104738 50131281.78426651
14.638902037404478 49245223.32057474
14.668646035715938 49145367.48959155
14.947731979191303 48227784.72369971
15.643303981050849 46083359.427985325
13.667232007719576 52746305.87911443
14.754698961041868 48858739.97859565
14.537909999489784 49587320.32495044
13.547939946874976 53210746.63947598
14.323264011181891 50330427.43869069
13.780268025584519 52313641.40824987
13.40399298351258 53782182.73366223
14.118455001153052 51060544.510084465
13.837920036166906 52095690.54567883
14.720309060066938 48972884.81229224
14.80870507657528 48680556.21826978
13.362157042138278 53950570.83423102
13.857102952897549 52023572.492059685
13.539455947466195 53244089.18623574
15.080163022503257 47804257.74736311
15.388829982839525 46845406.75307281
12.156265089288354 59302425.10384432
14.705925015732646 49020785.7872778
14.279172057285905 50485840.29297168
13.85189697612077 52043124.58017481
15.08555596228689 47787168.18937285
15.479438938200474 46571196.98446939
14.701370964758098 49035970.98040182
14.560476993210614 49510465.9233448
14.045028947293758 51327484.10169027
15.591292059980333 46237091.65518059
14.114412013441324 51075170.49335687
14.322106027975678 50334496.797597945
15.155152999795973 47567715.08738349
10.80553699284792 66715425.66344959
14.111425029113889 51085981.64343349
11.114121065475047 64863068.86105411
14.762415084987879 48833202.14543283
14.700376079417765 49039289.61445675
14.71796096302569 48980697.92487068
11.544362991116941 62445714.896067366
14.436226920224726 49936593.81940347
11.77561201620847 61219408.29977474
13.24122294317931 54443309.58654699
15.059935976751149 47868463.79114007
14.265693025663495 50533542.16322563
12.126157060265541 59449667.0641188
14.424785040318966 49976204.011707015
11.921626050025225 60469603.473133154
14.05643206089735 51285845.28967436
14.235254027880728 50641597.163498126
13.306371052749455 54176754.664529175
11.82421506382525 60967767.93290015
14.823384932242334 48632347.017581634
14.271845924668014 50511756.06891715
14.659005915746093 49177686.682399355
14.22790507785976 50667754.3921625
15.453241998329759 46650146.297968864
13.817102066241205 52174182.150780916
14.033150975592434 51370928.82801869
14.18267993722111 50829321.62264173
14.613644918426871 49330335.04125971
13.336100964806974 54055979.47274046
14.970573014579713 48154202.20040512
15.10994101408869 47710047.26807523
14.27605899516493 50496849.322642595
15.371059998869896 46899563.208588175
15.3042379533872 47104338.170620784
11.40712306369096 63197003.83479008
14.8647699970752 48496949.50825636
11.977678048424423 60186623.57474441
14.800857985392213 48706365.58444735
15.80515899695456 45611436.12278161
14.85359889920801 48533423.104513615
14.664101996459067 49160596.41252321
14.847810030914843 48552345.32897524
15.407087979838252 46789893.12862794
13.786667957901955 52289356.804797195
15.387987019494176 46847972.973121
14.881492010317743 48442454.52674928
13.852000003680587 52042737.49700059
15.491994912736118 46533451.89310283
11.672584107145667 61759760.59651481
15.305212000384927 47101340.37881144
13.748633093200624 52434012.53878239
13.931157998740673 51747026.34663726
14.597219997085631 49385841.971548595
15.22705308161676 47343106.7808071
14.660326996818185 49173255.15020642
14.720268896780908 48973018.43158916
15.021430910564959 47991167.03941801
15.098185976967216 47747193.01376674
14.623822993598878 49296001.48439637
14.920663903467357 48315276.36196361
15.29874699190259 47121244.660203874
14.257011003792286 50564315.325859375
14.245653990656137 50604626.53893199
15.334150986745954 47012449.572402485
14.760662917979062 48838998.89902104
14.717729995027184 48981466.58782134
14.669607975520194 49142144.84824613
14.517074101604521 49658491.43942317
15.488762990571558 46543161.67397161
14.844759018160403 48562324.19253749
11.408558930270374 63189049.94102663
14.029092970304191 51385788.199275784
12.233815039508045 58926508.01666764
14.185136067681015 50820520.61823134
12.873096973635256 56000199.60048704
14.92419303394854 48303851.22734306
10.922349989414215 66001913.57159238
14.973819022998214 48143763.384129286
11.254873010329902 64051899.94932418
14.55838605761528 49517576.82115524
15.122466022148728 47670531.97171403
14.167390996590257 50884174.80490953
15.492306090891361 46532517.22310392
14.197684940882027 50775602.008478895
10.847085039131343 66459882.76106765
14.847922953777015 48551976.07397461
13.482774957083166 53467924.98537386
13.787258067168295 52287118.7648743
13.450216967612505 53597351.011949025
15.013323980383575 48017081.423269324
14.224869897589087 50678565.441374026
14.269648003391922 50519536.27928606
14.750948990695179 48871160.79478937
