87.59433997329324 16459876.293828916
36.35294095147401 39660945.22928933
36.22907493263483 39796544.70010347
33.74684904702008 42723751.71949019
35.6985810212791 40387935.84374072
33.1595519091934 43480442.798150934
35.977424937300384 40074908.15456307
36.16358200088143 39868616.99609454
35.50055006053299 40613229.86662347
33.404589048586786 43161494.904275626
36.20332200080156 39824853.641002275
36.275680060498416 39745416.146450326
38.2352729793638 37708427.000852294
36.16019303444773 39872353.51942087
35.4866849957034 40629097.932775825
35.85359500721097 40213317.5127912
34.755513072013855 41483835.874112666
33.97629293613136 42435235.73069849
35.641196998767555 40452962.341580614
34.95630400720984 41245550.43641417
35.65576602704823 40436433.16781544
36.57733905129135 39417629.53226905
36.26418299973011 39758016.8843382
35.03218898549676 41156206.38484505
34.7409030655399 41501281.56657328
35.764334024861455 40313682.31260068
36.36234509758651 39650687.98864946
34.41541700158268 41893782.65948936
37.318815011531115 38634452.87730872
36.11268103122711 39924811.97264926
35.99906002636999 40050823.51994358
32.92393998708576 43791599.68598944
36.82783106341958 39149522.47709493
37.465105997398496 38483595.911889724
36.854886915534735 39120782.09069932
35.51437798887491 40597416.64211745
36.49975301232189 39501417.98256191
36.859774962067604 39115594.20760838
37.752159987576306 38190980.34322998
35.31639894936234 40825000.36505088
36.081159953027964 39959690.926704906
35.665943985804915 40424893.85879804
35.9635449713096 40090374.88240408
35.92552896589041 40132798.08263682
36.50623990688473 39494398.86653711
35.72777099907398 40354938.4605429
36.89292399212718 39080448.06390714
35.524794016964734 40585513.29844383
35.249354084953666 40902650.20247378
36.63754905574024 39352850.75446676
36.536488914862275 39461700.96857636
35.866939928382635 40198355.445959434
36.44721501041204 39558358.56287283
33.520239987410605 43012579.87835118
37.002493045292795 38964725.92360679
36.09160892665386 39948122.09480715
36.154460976831615 39878675.02502456
36.54700599145144 39450345.1346259
36.4885920425877 39513500.50221754
36.653476068750024 39335750.78379104
35.65881308168173 40432977.86433229
37.7816769760102 38161143.58596306
35.730696050450206 40351634.85100463
36.32243094034493 39694259.516053975
35.74880200903863 40331197.66182546
36.510630045086145 39489649.95179661
37.40813210606575 38542207.77214943
32.812402001582086 43940458.85243276
36.26082988921553 39761693.38663726
35.58456792961806 40517338.944558464
36.86583193484694 39109167.603977636
35.58589599560946 40515826.83706731
35.18283297307789 40979985.92390975
32.777940039522946 43986656.826558284
36.39683895744383 39613110.4046091
34.05515709891915 42336965.17129736
35.81166500225663 40260401.18238421
35.15100502409041 41017091.80183843
36.380222998559475 39631202.92190319
34.848280949518085 41373403.81548831
35.84120806772262 40227215.47989419
34.82614492531866 41399701.37641663
36.22892906423658 39796704.93277888
35.10699898470193 41068506.04428675
36.77742590662092 39203178.70154254
35.275442991405725 40872399.54297012
36.42440203111619 39583134.371521704
36.30822605919093 39709789.11637106
37.04693599138409 38917982.32208229
38.625997956842184 37326983.80015841
37.16720303054899 38792050.04516864
35.08079994935542 41099176.816989645
35.51980294287205 40591216.182108134
35.95981793478131 40094530.028347544
35.49505106639117 40619521.7835642
35.88905604556203 40173583.78469498
35.9640329843387 40089830.87708375
36.4008629694581 39608731.28776441
36.86254099011421 39112659.11882362
36.18232300505042 39847966.6382601
36.113185924477875 39924253.78960373
36.06175188906491 39981196.821366794
36.600945983082056 39392205.89179403
33.656000974588096 42839076.48709133
35.52545700222254 40584755.881107986
38.90370100270957 37060535.70326335
35.505355102941394 40607733.560748324
37.02571801841259 38940284.67680245
36.92367498297244 39047900.856696695
37.41699899546802 38533074.236515634
37.1730929473415 38785903.61158291
35.773820942267776 40302991.46201859
37.06561401486397 38898370.85719977
37.41187206469476 38538354.81706904
35.802669008262455 40270517.25298096
33.89900201000273 42531989.57227602
35.001319949515164 41192503.65642201
38.510699989274144 37438737.81576452
36.03662003297359 40009079.61625583
33.693170989863575 42791816.78785164
42.8900090046227 33616033.977624096
35.42660200037062 40698004.284602754
38.59242994803935 37359451.11363087
35.097275977022946 41079883.263416074
36.52774402871728 39471148.25559706
35.80957499798387 40262750.956446
35.52962699905038 40579992.58023552
36.43321001436561 39573564.87203575
36.83650307357311 39140305.93838742
35.74760793708265 40332544.83873765
36.0805339878425 39960384.1918143
34.626363893039525 41638562.00592359
35.90917505789548 40151075.53084787
33.999108942225575 42406758.4374057
37.354121915996075 38597935.81127079
35.0572420284152 41126794.82405871
34.95167498476803 41251013.02379168
36.33368597365916 39681963.48273765
36.24707506969571 39776781.912133016
35.39554099552333 40733718.4133547
35.85608792491257 40210521.65588462
35.95144208520651 40103871.12102177
36.25708899926394 39765795.8704095
35.766824963502586 40310874.71340391
35.51414899993688 40597678.40706425
36.28493694122881 39735276.44089032
36.43182397354394 39575070.43970679
35.35797097720206 40777000.49388105
34.84002698678523 41383205.602764584
34.59568799007684 41675482.80622581
34.33916193898767 41986813.84716707
35.33574496395886 40802649.030622505
35.27458698954433 40873391.38591073
34.858739003539085 41360991.2812285
36.72238904982805 39261933.586174205
33.36483100429177 43212926.80351175
39.006171049550176 36963176.882152006
37.22737496718764 38729349.06828111
36.82978905271739 39147441.16335419
33.586520003154874 42927698.370196395
35.56701401248574 40537336.069141515
36.843589041382074 39132778.252971075
35.17618600744754 40987729.587702945
35.95753398258239 40097076.754440255
36.12830804195255 39907542.81450924
36.85368504375219 39122057.89701421
35.753697040490806 40325675.925686255
33.192264032550156 43437591.319052525
35.91245599091053 40147407.36097021
35.42943706270307 40694747.63170282
36.28831007517874 39731582.898543075
35.86857893969864 40196518.585916236
35.00789497047663 41184767.07085396
36.51453903876245 39485422.46334942
36.53023496735841 39468456.780754715
35.91276903171092 40147057.40810183
37.30976697988808 38643822.15995081
35.51743004936725 40593928.05155073
35.856834962032735 40209683.914563335
36.37570806313306 39636121.92778902
36.75872692838311 39223121.160018355
37.25959197618067 38695861.21398509
36.57818597275764 39416716.86709134
37.41530899424106 38534814.725756235
35.16734403092414 40998034.959141955
36.231626057997346 39793742.56325313
35.57415003888309 40529204.44828898
35.74998106341809 40329867.51635915
34.52913707587868 41755807.47447075
35.3470710106194 40789574.88632762
37.57392102852464 38372146.43916051
34.86050700303167 41358893.600561045
35.404434078373015 40723486.691197425
35.254361922852695 40896840.03230809
35.680000903084874 40408967.58708724
35.68365704268217 40404827.293218136
36.56334290280938 39432718.278317444
37.23855304997414 38717723.48579481
35.03200504928827 41156422.47628907
36.44084895495325 39565269.2334991
36.390050081536174 39620500.57005956
36.271821008995175 39749644.76259532
35.997816012240946 40052207.59808659
33.647817093878984 42849495.88192698
35.95813096035272 40096411.06179055
36.068004090338945 39974266.28844687
36.864566965959966 39110509.593977414
34.42105697467923 41886918.26228953
35.82033992279321 40250650.97393335
36.20221000164747 39826076.91448637
35.66364699508995 40427497.50743386
35.75088002253324 40328853.41818888
36.27522406168282 39745915.76742186
36.41710104420781 39591070.092310905
35.67129501607269 40418829.743926056
36.219372996129096 39807204.83908128
38.072505965828896 37869637.50938925
37.53793996293098 38408927.11277661
35.80654296092689 40266160.33760434
36.43576102331281 39570794.17327097
35.874429042451084 40189963.67284041
36.35413397569209 39659643.68630107
37.19457995612174 38763497.30796462
35.36783205345273 40765631.261225335
35.74176400434226 40339139.38396653
38.478258065879345 37470303.29521365
38.518339046277106 37431312.868080504
38.6730779428035 37281542.52765641
36.84065805282444 39135891.599239856
32.91710710618645 43800689.87681573
34.79350300040096 41438540.98230307
35.94446391798556 40111656.78502634
37.57276805117726 38373323.946645565
33.588779042474926 42924811.234632015
35.78273009043187 40292956.8637226
36.435540998354554 39571033.13122514
36.13907401449978 39895654.20025764
38.12524804379791 37817249.04041761
37.05623897258192 38908211.94959338
36.674726055935025 39312958.95165048
36.77915793377906 39201332.52087905
33.5500231012702 42974396.63895236
36.99141298420727 38976397.05235222
34.548989962786436 41731813.33384824
35.001943935640156 41191769.31004449
35.77863494865596 40297568.704592556
36.53961909003556 39458320.472562894
37.193254102021456 38764879.13762938
36.088265012949705 39951823.660201885
35.18506104592234 40977390.89093017
36.24286502599716 39781402.462686
35.05696903448552 41127115.084641516
37.032714928500354 38932927.353117116
36.12423699814826 39912040.220362484
36.37208498548716 39640070.14102408
35.86124407593161 40204740.1631463
36.64493397809565 39344920.11533777
37.025589030236006 38940420.33531451
35.89589800685644 40165926.47228395
36.152468994259834 39880872.319644965
36.217243992723525 39809544.87563088
36.2195810303092 39806976.198688835
35.3502290090546 40785930.966124706
36.765430006198585 39215969.995643094
36.90845798701048 39063999.92401261
33.51578989531845 43018290.91610914
36.44658799748868 39559039.10948662
36.72672004904598 39257303.62184772
36.08229907695204 39958429.392903075
36.33589099626988 39679555.40564588
36.137468996457756 39897426.13522066
36.763590993359685 39217931.68301811
36.53859707992524 39459424.14937815
33.573418972082436 42944449.6313856
37.64415893238038 38300550.22851935
36.74355999100953 39239311.60597339
37.30010997969657 38653827.047287665
37.232792004942894 38723714.29487729
36.263532005250454 39758730.61099643
34.1452460270375 42225263.18475885
37.12633904069662 38834747.43953496
36.266512935981154 39755462.63698136
34.788078046403825 41445003.02881905
35.68060602992773 40408282.26938387
35.71848897263408 40365425.34329034
38.69853797368705 37257014.74769775
34.98743299860507 41208853.477689646
36.39955399557948 39610155.667706735
35.75073694810271 40329014.814239115
35.90107103809714 40160138.91256931
37.159542087465525 38800047.55188677
33.735849894583225 42737681.26504204
36.33868403267115 39676505.58572024
36.75443003885448 39227706.659464665
35.73423204943538 40347641.94751406
36.52936301659793 39469398.88727022
34.79137900285423 41441070.78600471
35.3744839085266 40757965.64914614
34.749009064398706 41491600.44615933
35.2438889676705 40908992.79936352
35.17391299828887 40990378.29740865
37.06626093480736 38897691.96131876
35.454037017188966 40666511.38489489
35.07908503524959 41101186.03581593
38.351961062289774 37593696.90791814
36.90658800769597 39065979.214858584
34.65080296155065 41609194.4997594
37.280612043105066 38674043.1818274
35.92458995990455 40133847.08382711
36.740425042808056 39242659.776529476
36.115416092798114 39921788.42119203
36.24299098737538 39781264.203669704
35.40060401428491 40727892.6488996
36.596458056010306 39397036.66932357
35.99028196185827 40060591.954460934
34.79796403553337 41433228.63739206
36.08893195632845 39951085.32845266
36.757937050424516 39223964.01142291
34.80472997762263 41425174.133716494
33.73225103132427 42742240.90948246
35.46920092776418 40649125.50289258
35.12995596975088 41041668.29134299
36.21032799128443 39817148.31047731
36.139532923698425 39895147.59485305
36.76553803961724 39215854.76177109
37.791341077536345 38151384.91756302
35.915830987505615 40143634.72479782
34.70717393793166 41541613.34421578
38.392706075683236 37553799.858697295
33.07885199319571 43586518.67049604
36.114517017267644 39922782.27923213
36.94041899871081 39030201.58082986
36.10705607570708 39931031.67915264
38.619956001639366 37332823.47444409
36.39065602328628 39619840.84808477
37.09414403419942 38868453.16259951
35.981622990220785 40070232.529306844
35.820043995045125 40250983.50519722
35.18356999848038 40979127.47519006
34.51759601011872 41769768.65878329
35.33059696201235 40808594.36228102
34.91400496568531 41295520.27666385
35.79581202939153 40278231.39802392
33.25439908076078 43356429.22004097
35.790414083749056 40284306.20071138
35.332847968675196 40805994.50342185
36.0340909101069 40011887.73144833
35.822128993459046 40248640.72884291
36.03445598855615 40011482.35616171
36.587262991815805 39406937.882249184
35.81159794703126 40260476.5677462
37.23784699104726 38718457.60434636
36.446779035031796 39558831.75888281
35.044819000177085 41141373.85023203
36.39576490968466 39614279.39700614
35.57179996278137 40531882.038821235
36.755411070771515 39226659.639960766
35.81383801065385 40257958.37829773
36.037022015079856 40008633.327045605
36.21319402009249 39813997.05311931
35.940621979534626 40115944.5938634
36.886633024550974 39087113.1838022
36.369867040775716 39642487.51263097
34.15542596485466 42212678.05248803
35.32491996884346 40815152.6251626
35.50138196442276 40612278.176800914
35.545518971048295 40561849.7559238
34.45909498259425 41840680.97923838
36.37543797958642 39636416.22154821
36.66845604311675 39319681.15332326
35.774576012045145 40302140.81403942
34.032896044664085 42364657.95058467
35.64909903798252 40443995.46995101
36.241122987121344 39783314.67577193
36.262826062738895 39759504.60963888
36.69326996896416 39293091.10960931
36.62680694833398 39364392.370697275
33.73917902354151 42733464.23142038
36.643034080043435 39346960.10299077
33.316920045763254 43275068.5843587
36.97049501352012 38998449.96591839
36.39837400987744 39611439.7749949
36.55264899134636 39444254.788246304
34.98897701501846 41207034.98650829
36.24104999471456 39783394.80258637
32.603897037915885 44221462.18666143
35.08904192131013 41089523.140396066
36.33121296297759 39684664.57393597
36.34827700443566 39666034.2338663
35.67123401444405 40418898.8644516
35.155875026248395 41011409.86886306
33.550127991475165 42974262.28497097
35.52161599509418 40589144.37336193
35.99134995602071 40059403.21109889
36.23362199869007 39791550.5121769
38.169733015820384 37773174.871367685
35.756204975768924 40322847.488346875
35.670846002176404 40419338.524015695
35.54027294740081 40567837.003779784
36.43296402879059 39573832.06210304
35.46857205219567 40649846.232271604
36.4509200444445 39554337.6749346
36.87163209542632 39103015.46371864
36.53992898762226 39457985.82390241
36.336631048470736 39678747.269573286
37.399096065200865 38551520.00161735
35.57973890565336 40522838.119278885
34.11036601755768 42268441.19051271
36.458533024415374 39546078.25373741
35.3026109514758 40840945.22022108
35.23242601659149 40922302.634540066
35.682950052432716 40405627.83854539
36.62117989733815 39370440.931773424
35.01870797481388 41172050.12352153
36.30466398317367 39713685.290359266
37.82681201118976 38115609.625614114
36.04657202959061 39998033.622071855
36.645587999373674 39344217.9185293
35.94775800593197 40107981.13646143
35.59217299334705 40508681.50897958
39.16254604700953 36815583.906861335
37.38084388896823 38570343.79112825
37.681448040530086 38262648.464284375
37.31065709143877 38642900.24339536
36.359333083964884 39653972.65869698
36.074848962016404 39966681.53810091
36.571911070495844 39423479.87286769
36.274635000154376 39746561.198861524
35.939709981903434 40116962.566642284
35.75860406272113 40320142.18091609
37.75780799333006 38185267.54134385
37.00259595643729 38964617.55541164
36.76121006719768 39220471.72452907
33.89701806008816 42534478.91623332
36.70369694009423 39281928.53033889
36.40271502081305 39606716.12476332
38.16536604426801 37777496.9674774
36.51973092928529 39479808.950175546
35.70179897360504 40384295.51031706
37.42769104428589 38522066.410509154
36.23495006468147 39790092.091373615
33.953767037019134 42463388.478457846
35.131474025547504 41039894.85187934
37.53751900512725 38409357.84283094
35.61727795749903 40480128.821760185
35.62683193013072 40469273.35070261
37.80091798398644 38141719.21990849
35.591944004409015 40508942.13087645
36.171517916955054 39859869.94823277
34.14766292553395 42222274.571004346
37.29539806954563 38658710.58170383
36.75798000767827 39223918.17229424
36.828906973823905 39148378.77281429
33.02168694790453 43661972.88087042
35.527603002265096 40582304.410125196
34.09550595097244 42286863.320732705
36.18825098965317 39841439.15693059
36.12557309679687 39910564.079821855
35.118709900416434 41054811.070463136
36.63339000195265 39357318.55346035
36.99073591269553 38977110.46903409
37.78619796503335 38156577.735982
36.33882291615009 39676353.94593982
35.857435897924006 40209010.03921124
35.27942206710577 40867789.64965853
36.947596934624016 39022619.05019539
37.40461904089898 38545827.68035988
33.50580809637904 43031106.6025539
35.34985601436347 40786361.319666095
35.047831013798714 41137838.157013215
36.685581086203456 39301326.49697138
36.54507198370993 39452432.89280379
35.86518194060773 40200325.83098529
34.961133962497115 41239852.27557588
36.189396982081234 39840177.51701933
35.643324023112655 40450548.300856575
35.60479101724923 40494325.58953946
35.4333680588752 40690232.935360655
36.761738010682166 39219908.47062363
40.080148028209805 35972721.432695724
36.08683496713638 39953406.867435545
36.25352494418621 39769705.214036375
39.66689296066761 36347490.12053033
35.829065018333495 40240849.133580364
35.58611299376935 40515579.77833765
37.55449200980365 38391998.47580466
36.31978400517255 39697152.37829235
37.443115026690066 38506197.97450792
35.530525958165526 40578965.86438376
36.164977005682886 39867079.12944172
36.730854073539376 39252885.24773661
33.85716304183006 42584548.45193868
35.65355995669961 40438935.179292664
37.21962100826204 38737417.54866204
37.53728698939085 38409595.24878538
34.29892903659493 42036064.6964135
36.43496101722121 39571663.03316554
36.19110397994518 39838298.40612073
35.89722898323089 40164437.22365094
37.50510700047016 38442551.303264536
35.14601697679609 41022913.09288026
36.267375107854605 39754517.54399904
36.21305897831917 39814145.52311651
33.58744503930211 42926516.092929885
36.6234719986096 39367976.90985544
35.44822195544839 40673182.47476716
35.478743026033044 40638192.817092314
35.964141017757356 40089710.45042095
37.310080020688474 38643497.92872395
37.63875993900001 38306044.150675215
35.21737304981798 40939794.06017769
36.501234979368746 39499814.20669549
36.71067196410149 39274464.96784081
36.117396899499 39919598.96810835
37.004188052378595 38962941.112481
34.83924095053226 41384139.28268931
35.28209601063281 40864692.38010954
33.635962987318635 42864597.05475302
38.16082398407161 37781993.402495876
37.58113691583276 38364778.67151964
36.05914395302534 39984088.415361136
36.24486492481083 39779207.42678903
36.03869501966983 40006776.02818508
36.30287304986268 39715644.489615776
35.53457302041352 40574344.292014845
33.271722961217165 43333854.4469311
36.037353915162385 40008264.85191465
35.98139702808112 40070484.169216
36.37837106361985 39633220.45065021
35.67348001524806 40416354.09227608
36.770058097317815 39211034.04797642
35.49975308123976 40614141.64488741
39.69731600955129 36319634.29600885
34.40045099705458 41912008.65719605
33.15475396811962 43486735.005977534
35.48041207250208 40636281.141656
35.855515976436436 40211163.07313827
32.87803300190717 43852745.0810809
36.88824700657278 39085402.99415963
32.94897498562932 43758326.34031368
35.454210941679776 40666311.890896924
36.120851058512926 39915781.54303205
35.85446602664888 40212340.60293594
35.36415891721845 40769865.427168585
36.565113929100335 39430808.36000214
36.06489405501634 39977713.44622759
36.69238893780857 39294034.586948045
36.62950696889311 39361490.7572852
38.672207039780915 37282382.11273726
39.32579711545259 36662753.351627946
37.57855505682528 38367414.5485307
36.308689042925835 39709282.764118694
36.027819965966046 40018852.135988235
36.79558995645493 39183826.15161932
36.882170010358095 39091843.01235754
35.67085100803524 40419332.8517792
36.52960597537458 39469136.37590135
35.47640610486269 40640869.758292004
36.63339698687196 39357311.04916873
36.69997490942478 39285912.417061046
40.32275697682053 35756285.23686542
37.139859050512314 38820610.44009567
37.38659806549549 38564407.42413111
36.96594899520278 39003245.93823108
36.192397004924715 39836875.126115985
35.996907972730696 40053217.93450213
36.109526990912855 39928299.264701925
36.55686508864164 39439705.688767344
36.06067399960011 39982391.89916385
35.43419390916824 40689284.58471157
37.00332308653742 38963851.885090664
35.37796495947987 40753955.22753657
36.666864063590765 39321388.31124262
35.87795794010162 40186010.65331189
37.55254205316305 38393992.02213417
37.30996802914888 38643613.92305622
38.70847902726382 37247446.457002155
35.03726900089532 41150239.19139238
36.23705601785332 39787779.64991571
37.81400097068399 38128522.84839618
36.1007769824937 39937976.977591544
36.36561497114599 39647122.732393734
36.31930600386113 39697674.835711956
35.850631073117256 40216642.12993823
36.72118589747697 39263219.984925985
35.620048991404474 40476979.70173822
35.72903200984001 40353514.18428915
34.20585405547172 42150445.87578028
36.29041707608849 39729276.10550905
37.23721602000296 38719113.674489066
37.31724095996469 38636082.48923889
38.15021307673305 37792501.89507634
36.71202692203224 39273015.43611387
36.77540097851306 39205337.30801202
36.205180920660496 39822808.872562245
36.205482902005315 39822476.71995954
35.58155195787549 40520773.28462001
36.86829307116568 39106556.878479704
36.160647054202855 39871852.89684755
36.272650002501905 39748736.30409006
36.4166300278157 39591582.16723328
32.89561998099089 43829300.09627896
39.99934403691441 36045391.11114936
36.40851401723921 39600407.73202994
37.19377506058663 38764336.1732279
36.11029498279095 39927450.07170708
35.46591009944677 40652897.273951255
32.9735929844901 43725656.48754689
35.19248205702752 40968750.02063378
33.533375011757016 42995731.84907569
32.76520501822233 44003753.347435154
35.21948109846562 40937343.624373086
31.696696998551488 45487137.037208915
33.04975398350507 43624893.56863563
36.010904936119914 40037649.777410716
33.14424597192556 43500521.967561215
35.530227003619075 40579307.299476035
35.1256710710004 41046674.86880663
35.400636959820986 40727854.74556305
35.765949985943735 40311860.877919756
36.00862005259842 40040190.31815019
35.91611993033439 40143311.77188984
34.81003106571734 41418865.65048053
35.78807495068759 40286939.21052323
36.811965983361006 39166394.98829509
37.378281936980784 38572987.44845575
36.26244701445103 39759920.21237365
33.635544939897954 42865129.80765681
36.09376202803105 39945739.0692685
35.10649804957211 41069092.05139511
35.853747045621276 40213146.987549864
33.73122704215348 42743538.448755845
40.10022897273302 35954707.415271275
35.90205800719559 40159034.88627399
37.364550051279366 38587163.448275834
37.040786002762616 38924443.98702735
35.92806798405945 40129961.91834455
37.54868602845818 38397934.854691446
37.35093609429896 38601227.99492747
36.55795403756201 39438530.90133571
35.79972207080573 40273832.21435021
33.27841009013355 43325146.72711079
36.66906198486686 39319031.411139466
33.67953305132687 42809144.58649829
36.62403591442853 39367370.74441287
35.886988043785095 40175898.8032346
35.465101012960076 40653824.71272599
35.626945085823536 40469144.815161526
37.00457699596882 38962531.58513513
35.65925406292081 40432477.84869408
37.951088044792414 37990794.84357077
33.185151987709105 43446900.6058493
36.02688806131482 40019887.30045703
34.86909298226237 41348709.60748615
39.771545911207795 36251847.0672194
36.76877997349948 39212397.06727145
35.058400011621416 41125436.40103553
35.806791041977704 40265881.36059807
36.589718074537814 39404293.77080441
35.677102976478636 40412249.866547495
35.61456594616175 40483211.340538174
37.923634983599186 38018296.522037804
35.42874590493739 40695541.52067997
36.05094400700182 39993182.97240636
35.82467290107161 40245782.67557252
35.46897799242288 40649380.99733252
36.546340910717845 39451063.06325648
32.70755696576089 44081311.28562445
37.002868950366974 38964330.08840254
35.76258604880422 40315652.73362575
35.13472294434905 41036099.87998761
33.177607925608754 43456779.742313065
36.12810594495386 39907766.053298466
35.25072894990444 40901054.8987217
37.84630703739822 38095975.87884277
36.30248305853456 39716071.14794977
36.27005603630096 39751579.05896202
36.26157494727522 39760876.41246646
36.67360101826489 39314164.95701993
34.06050300691277 42330320.24534048
36.79755493067205 39181733.751505755
35.28707998339087 40858920.621333115
36.27515700645745 39745989.23840198
36.588381975889206 39405732.69815822
37.60976193007082 38335579.009534165
36.45044506993145 39554853.09531535
36.23389103449881 39791255.060828246
36.44219308625907 39563809.91087069
36.29688895307481 39722192.22049502
34.748740028589964 41491921.687340245
35.86172196082771 40204204.40420822
35.29472905211151 40850065.68179746
36.26812400761992 39753696.65376351
36.64510103408247 39344740.75154095
35.97480105236173 40077831.08797337
36.568460054695606 39427200.320809394
35.618794965557754 40478404.76900376
34.41642504185438 41892555.61106689
36.03884798940271 40006606.216268666
36.78573900833726 39194319.28969068
36.138297989964485 39896510.90929578
35.87299806531519 40191566.854124665
35.89985298458487 40161501.514201045
36.58487100619823 39409514.37974814
35.15501995570958 41012407.38353888
33.48326205741614 43060081.70672428
36.53905203100294 39458932.836480185
36.57986503094435 39414907.59411855
36.000989959575236 40048676.48414553
35.99959600251168 40050227.22753352
36.3667180063203 39645920.199601896
35.17334000207484 40991046.0568985
34.71230890136212 41535468.12737149
35.828698077239096 40241261.26190244
36.33846703451127 39676742.51725328
34.12414703052491 42251371.11003187
36.81368799880147 39164562.92145845
36.34329198393971 39671475.01764935
36.77323798183352 39207643.36043143
34.141918062232435 42229379.06921231
37.311801919713616 38641714.57337824
34.98324507381767 41213786.68438832
35.23111704271287 40923823.05823645
36.5728079341352 39422513.10308347
36.370444926433265 39641857.63787939
34.961452009156346 41239477.11389095
35.73814395349473 40343225.48692436
36.55584598891437 39440805.18440816
36.35140194091946 39662624.35609194
37.30414598248899 38649645.020068124
35.76760401483625 40309996.70545309
35.845265025272965 40222662.57435826
35.36525904200971 40768597.178584866
36.10113193280995 39937584.30299106
36.843167967163026 39133225.49475161
36.16342390887439 39868791.28572194
37.32640400994569 38626597.933619104
35.616301000118256 40481239.19424459
36.57782997470349 39417100.49494776
40.10055004619062 35954419.53637152
35.03974003251642 41147337.242286496
36.12916893325746 39906591.89153969
36.417432012967765 39590710.28090605
33.137441030703485 43509455.019900545
36.1594659043476 39873155.31191647
36.573905032128096 39421330.55612923
36.59603500273079 39397492.10242076
34.978747949935496 41219085.43049091
33.61615992616862 42889848.31005733
34.8887910367921 41325364.31198069
34.80478492565453 41425108.733749375
36.20259603485465 39825652.24360957
35.59808398131281 40501955.126485676
36.31181502714753 39705864.30124971
36.7588970111683 39222939.67531034
34.0386179741472 42357536.40453502
36.226040101610124 39799878.64961032
36.18850209750235 39841162.701771766
35.696862032637 40389880.73186364
34.013306023553014 42389057.94695787
34.83939100988209 41383961.03396411
36.08048800379038 39960435.120737135
37.041991017758846 38923177.733852625
33.25056692119688 43361426.089877374
36.19804698973894 39830657.17354046
36.818393971771 39159557.0709965
36.2539510242641 39769237.814522214
34.06014002393931 42330771.36461067
35.5713110184297 40532439.16854792
33.5686489706859 42950551.90511411
36.311113042756915 39706631.91465012
35.16266401857138 41003491.636427455
36.353570059873164 39660258.88586499
36.15254093892872 39880792.95548191
38.37849898263812 37567701.66160604
35.60098691377789 40498652.56521903
38.10134099330753 37840977.83469746
37.425397080369294 38524427.59401641
36.864729947410524 39110336.683783986
39.516341988928616 36485968.27115096
36.62504302337766 39366288.22742156
36.98080393951386 38987578.59234775
36.69461398385465 39291651.92020762
37.09575405810028 38866766.200299636
35.919076995924115 40140006.942929134
36.11803601961583 39918892.57812794
35.745603032410145 40334807.01648097
36.938788020052016 39031924.90282386
36.273970967158675 39747288.80125514
36.14667395595461 39887266.02499721
36.76171600818634 39219931.94438835
33.00830605439842 43679672.55344442
36.41691291704774 39591274.61693927
35.68337101023644 40405151.17213547
35.89144290890545 40170912.14915352
36.22500202618539 39801019.16786077
37.036607041954994 38928835.958616324
36.2125119427219 39814746.96592473
37.16774203348905 38791487.48667353
35.722597036510706 40360783.35867908
36.45272902213037 39552374.7789827
33.323869924061 43266043.3282683
37.94042801018804 38001469.029628225
33.593083964660764 42919310.46035355
36.02579503785819 40021101.5047655
34.99251091852784 41202873.47646721
40.453073917888105 35641098.6944171
36.96836798917502 39000693.7937369
36.14559303969145 39888458.8341591
36.37058392632753 39641706.13593949
36.180560011416674 39849908.335997194
36.469663958996534 39534008.364349924
35.94637103378773 40109528.68218019
37.453167024068534 38495863.35578673
35.327362944372 40812330.15524845
37.21695893909782 38740188.37378309
37.521159974858165 38426104.12274308
36.73104103654623 39252685.44840486
37.05373394768685 38910842.3468347
35.85640399251133 40210167.20754041
36.49624204263091 39505218.05274791
36.43814695533365 39568203.11876362
35.55600589606911 40549886.40215624
37.12424705736339 38836935.81103966
34.94494908954948 41258952.654510446
35.54455400444567 40562950.932502076
35.81962897442281 40251449.86927472
36.96851700078696 39000536.59088646
36.1715069739148 39859882.00712104
36.14869399461895 39885037.06979354
35.99857201334089 40051366.46713873
37.58181806188077 38364083.33481901
36.48668108507991 39515569.986703336
36.02464392315596 40022380.32041292
36.801484995521605 39177549.49767523
35.28563305735588 40860596.086129576
36.65012598503381 39339346.35282727
33.771305927075446 42692811.557638735
34.528546035289764 41756522.227331035
33.21080200839788 43413344.839893356
36.03147598914802 40014791.52378436
35.20252008456737 40957067.74788761
35.39611806627363 40733054.322524086
35.1168978959322 41056929.46662614
36.368265049532056 39644233.73059835
36.86114808078855 39114137.10826439
36.807197029702365 39171469.613307275
36.08354588504881 39957048.69452438
36.33578005246818 39679676.55897519
36.37370909564197 39638300.18568947
35.02786299213767 41161289.23775977
35.438823979347944 40683968.5436573
35.899120033718646 40162321.48993571
36.27552301622927 39745588.21260711
36.4388331072405 39567458.040074065
36.42166592180729 39586107.98021554
36.3904379773885 39620078.244067006
33.790848101489246 42668121.13355795
36.16241388954222 39869904.82449377
36.35845007374883 39654935.70478101
36.61644598469138 39375530.89130455
36.889720940962434 39083841.33096086
36.7077219998464 39277621.20477084
36.174849956296384 39856198.4843575
35.68125294987112 40407549.645904675
33.32071995828301 43270133.47265905
35.82747804466635 40242631.59696891
33.791132969781756 42667761.429879986
35.49254289828241 40622392.26228484
35.765486070886254 40312383.76412405
36.55016899574548 39446931.1528444
36.584593006409705 39409813.84560967
39.44159299135208 36555115.82192245
37.708436022512615 38235263.83165889
36.878808052279055 39095406.71586048
33.693409990519285 42791513.248605415
37.99954301211983 37942351.03143596
37.57952596060932 38366423.288874894
36.86259896494448 39112597.60526143
33.579639974050224 42936493.69422044
36.95672703906894 39012978.57020196
36.44335991702974 39562543.17062188
38.14214502926916 37800495.983999096
35.119020962156355 41054447.43330544
36.43989097326994 39566309.379399896
37.41870494559407 38531317.481359445
35.98990698810667 40061009.340103574
33.39497500564903 43173920.61997678
36.529222037643194 39469551.213388555
36.247362033464015 39776467.00658988
36.98394901584834 38984263.129450135
35.533315036445856 40575780.7432597
36.74395696725696 39238887.67028549
35.15678702387959 41010345.99722352
36.549156066030264 39448024.392006114
36.34614695329219 39668358.84565212
39.19953003060073 36780849.129427806
36.46437602583319 39539741.44459684
36.04805201757699 39996391.46373246
36.64585005026311 39343936.57187516
35.19736009184271 40963072.12352973
33.94592693075538 42473195.76634453
36.02315601892769 40024033.409022726
36.32420289795846 39692323.16123401
36.25224390998483 39771110.543667406
33.82562997285277 42624246.79620543
36.102958023548126 39935564.25652414
32.98765397630632 43707018.42075766
36.542378016747534 39455341.394017115
37.10253501776606 38859662.804970525
36.01002006325871 40038633.62106457
33.449645969085395 43103356.05143693
36.9373569265008 39033437.14789682
33.92895997967571 42494435.45760522
36.49759094696492 39503757.99035846
35.519456025213 40591612.6355247
36.59419703762978 39399470.8646676
36.47339902818203 39529959.87256262
35.50721995998174 40605600.82216984
36.57742205541581 39417540.08294092
37.513406947255135 38434045.78067779
37.753810989670455 38189310.22339647
35.94617696944624 40109745.223407306
37.09556593094021 38866963.30995851
36.35294607374817 39660939.640904985
36.55679395888001 39439782.42790557
36.376400967128575 39635366.93206321
35.10594798717648 41069735.54813728
35.23370099719614 40920821.803952314
36.84608999174088 39130122.09228117
37.9367369459942 38005166.39194614
35.81655502784997 40254904.43955043
35.95311800017953 40102001.72326641
36.80286300368607 39176082.57421696
36.05079103726894 39993352.67038912
33.978755003772676 42432160.91466321
36.63078497629613 39360117.47859041
34.64061196427792 41621435.599544376
36.16326896008104 39868962.11157037
37.02275000978261 38943406.40873603
35.317511996254325 40823713.747245625
35.74496402870864 40335528.071647294
37.42298798169941 38526907.59767941
37.73920692037791 38204088.47069546
38.70202507823706 37253657.84052342
36.000986001454294 40048680.88728896
35.98676901310682 40064502.58079245
33.076512976549566 43589600.905699916
36.191545077599585 39837812.8623302
33.483976032584906 43059163.54129872
35.986442933790386 40064865.61210507
33.04398397449404 43632511.1739822
35.49534606281668 40619184.2008932
37.053138948976994 38911467.17651587
36.33271506987512 39683023.88707103
36.25705500598997 39765833.15334916
39.58028100896627 36427027.88475366
35.77580698765814 40300754.096123844
35.7291039545089 40353432.92783726
35.24116496555507 40912154.90206457
36.188083002343774 39841624.103344195
37.106491974554956 38855518.89380113
36.86109802220017 39114190.22655425
33.31254899967462 43280746.844502434
36.537476000376046 39460634.88307624
35.847525927238166 40220125.732707195
35.55607900489122 40549803.02529033
35.74257297441363 40338226.378725134
36.32110496982932 39695708.62994522
36.04057605843991 40004687.98451306
36.247523967176676 39776289.307528704
36.102046025916934 39936573.095191516
35.19424598198384 40966696.679282814
36.08513297513127 39955291.31051387
39.07088201958686 36901956.78913024
37.09783300291747 38864588.125312164
39.51323602814227 36488836.27180323
34.06412398908287 42325820.57480992
35.46663396991789 40652067.552362025
35.48931796103716 40626083.645307235
37.441830965690315 38507518.53778681
35.42639990337193 40698236.45452522
37.05229493789375 38912353.537525825
33.66567799821496 42826762.61789373
36.82845691218972 39148857.185020596
35.45381093863398 40666770.70331192
36.07345302589238 39968228.130673476
34.08141410909593 42304347.917746834
37.71607601083815 38227518.67362035
35.705958027392626 40379591.52066154
36.02189803496003 40025431.15858886
33.03710196632892 43641600.32770005
37.27441199589521 38680476.03698686
36.68638796079904 39300462.10983256
37.014842964708805 38951725.43011064
35.3298329282552 40809476.87830474
36.227642092853785 39798118.69358194
36.960794939659536 39008684.80653087
35.1633089594543 41002739.578988
37.6614429987967 38282972.854918644
