344.3912978982553 8372987.405889411
136.86999294441193 21068051.06047702
129.2120940051973 22316672.61645039
129.91652102209628 22195668.243837584
130.20905607845634 22145802.195682313
129.51752496883273 22264044.96761276
130.35970192868263 22120210.136546303
131.55577599536628 21919098.40660715
131.13399501889944 21989599.26130832
128.99013597052544 22355073.729505222
129.81312605552375 22213346.890411
135.5092580197379 21279608.804145213
132.00736802536994 21844114.030406363
128.65458300802857 22413379.551508497
132.50450196210295 21762158.698764224
131.64805702399462 21903733.827795334
130.6596219073981 22069434.7488903
130.85547997616231 22036402.300654866
128.67891695350409 22409141.048660934
130.81604905892164 22043044.570939362
130.43356395792216 22107683.885186512
130.9632919728756 22018261.427005302
133.27249698340893 21636752.257736847
138.89331195969135 20761143.63834058
125.56413095444441 22965029.7268906
128.4725550794974 22445136.22552046
135.81177510786802 21232209.04601036
131.86061405576766 21868425.387283947
128.19132406730205 22494377.22077106
126.61190202925354 22774983.66096539
128.64416907541454 22415193.947185967
131.28902099560946 21963633.95912924
130.07899397052824 22167945.123048294
129.38667193520814 22286561.3348799
130.9209590544924 22025380.968984377
129.8570999642834 22205824.716500804
133.9617130579427 21525433.903288163
130.14209491666406 22157196.730592746
133.68120498489588 21570601.49424749
129.89449000451714 22199432.785022076
132.05829204525799 21835690.55256114
132.45628599543124 21770080.43317372
131.99755002278835 21845738.799713872
130.86433103308082 22034911.86052116
135.78903500456363 21235764.72800685
133.5686770034954 21588774.13994704
134.15853097103536 21493854.91275662
131.58284593373537 21914589.090527516
132.76118505746126 21720083.31163914
130.9739489806816 22016469.858638246
132.3139489395544 21793499.650723305
129.7886969987303 22217527.925626755
131.49385002907366 21929421.02891072
134.50712303165346 21438150.894963447
132.8002130612731 21713700.10279678
131.46903703454882 21933559.90918395
131.8346910411492 21872725.435370836
133.74907104298472 21559656.28406693
132.8542799456045 21704863.412610017
130.26117393746972 22136941.59845534
129.79370902758092 22216669.988121256
130.87578199338168 22032983.918642957
131.79535802919418 21879253.13243015
129.94774198159575 22190335.561262745
132.63900997117162 21740089.892307937
132.30380800087005 21795170.09805974
136.58908708021045 21111379.112642042
131.67283101938665 21899612.68149114
136.3842689897865 21143083.592844162
130.58338698465377 22082318.94259934
133.8405900169164 21544913.98786824
129.186655045487 22321067.13332489
130.39370195474476 22114442.31409884
128.53428802918643 22434356.187861882
129.7218130202964 22228983.182256572
130.26884209830314 22135638.52685508
130.0856249872595 22166815.128746286
130.59182406868786 22080892.280693706
131.560045061633 21918387.14139315
131.78150996100157 21881552.281904694
143.8163269776851 20050463.397298586
130.61114493757486 22077625.928309556
143.5086749261245 20093447.32284939
145.15799598302692 19865140.604015864
128.0062849400565 22526893.904860537
143.37031403556466 20112838.696054567
129.45926806423813 22274063.828084953
128.35186801385134 22466241.003121298
131.70618598815054 21894066.5418664
131.3807360129431 21948301.459628914
130.1338910125196 22158593.565165766
132.6785699930042 21733607.772167306
132.43058393709362 21774305.55897679
129.64124500285834 22242797.80664265
130.54790196474642 22088321.27213115
133.0575649626553 21671702.77623315
134.61878895759583 21420368.006046414
132.03333399724215 21839818.117902186
128.4793500090018 22443949.162242524
130.5887510534376 22081411.88837944
133.8517180411145 21543122.80933342
133.11935402452946 21661643.576400254
129.29836090188473 22301783.099850316
133.06914700660855 21669816.51920256
135.31173893716186 21310671.36266073
133.14456003718078 21657542.742976174
129.51516802422702 22264450.133443817
127.6277689030394 22593703.743193217
124.65805094689131 23131951.591546282
126.61857600323856 22773783.207972944
130.46438607852906 22102460.960221853
130.7233200641349 22058680.8733535
133.47192504443228 21604423.544802144
131.09145406633615 21996735.184131995
129.02978993952274 22348203.47573656
131.82298303581774 21874668.085886806
129.56125405617058 22256530.4805543
129.5038069365546 22266403.34529085
131.4342940459028 21939357.76756196
129.74664790090173 22224728.31978235
130.84645301569253 22037922.569090728
131.30128802731633 21961581.971687056
130.79376507084817 22046800.154717043
130.14779100194573 22156226.99241119
131.34779804386199 21953805.41542891
128.79763403907418 22388485.794119388
133.7520470842719 21559176.572326906
133.09964700601995 21664850.84569442
130.34096301998943 22123390.32325368
129.93084802292287 22193220.80843548
134.9807350197807 21362930.04759106
133.0943760694936 21665708.838774465
132.46757292654365 21768225.50828356
131.22314703650773 21974659.693215217
131.45238999277353 21936337.560378492
129.81585797388107 22212879.420172047
130.77265699394047 22050358.73924023
129.906086018309 22197451.161707595
133.67169292178005 21572136.455901485
132.07443105056882 21833022.312213708
131.35895098093897 21951941.443399824
132.38696905318648 21781479.10344197
132.61164003051817 21744576.86622679
132.67705298494548 21733856.27073879
134.76805202662945 21396643.764133498
130.42942597530782 22108385.269945942
134.57327208016068 21427613.042524137
130.15606300905347 22154818.863869768
133.1609389744699 21654878.842156943
132.01304501853883 21843174.661981724
133.75159492716193 21559249.454709936
133.66009097080678 21574008.95851414
132.41663901135325 21776598.632387616
130.47665101476014 22100383.306694433
135.77886205166578 21237355.77414661
128.7981200730428 22388401.308689043
128.47723299637437 22444318.987484537
128.62434098497033 22418649.362308063
128.08908498845994 22512331.946627565
132.35385611187667 21786928.50144503
132.16217001900077 21818527.946275633
133.14540591090918 21657405.15245022
130.44187694322318 22106274.975291286
128.21074994280934 22490968.98104311
128.85314703453332 22378840.30280754
129.8010260798037 22215417.605613746
132.07716797478497 21832569.88483058
130.18008205108345 22150731.160765935
129.3849559733644 22286856.909342874
126.10383005812764 22866744.005085412
136.2466529244557 21164439.185150865
128.07484401855618 22514835.150470383
132.6598550658673 21736673.83074001
130.47339499462396 22100934.83134102
130.67244202829897 22067269.54238384
132.98235810361803 21683958.993667047
132.94333801604807 21690323.43427327
131.60850305575877 21910316.833998997
128.04245296865702 22520530.754794743
129.79860801715404 22215831.464224245
131.71728805173188 21892221.155263036
130.82026597112417 22042334.026720986
131.79099396802485 21879977.63109379
131.3762170029804 21949056.425750047
134.48613695800304 21441496.24061607
130.4101609857753 22111651.256335247
133.14292894210666 21657808.063196827
133.4613210055977 21606140.103161838
134.1477610403672 21495580.52729843
123.3414220623672 23378877.523739956
129.18139901012182 22321975.316075195
129.00437298230827 22352606.60811441
131.29009900148958 21963453.618595287
128.68883507326245 22407413.963755116
131.8354100221768 21872606.14970542
130.19932399038225 22147457.541430928
133.0490750260651 21673085.65982205
129.53033403027803 22261843.309428625
132.10244907531887 21828391.677703947
130.66231401171535 22068980.040728915
132.31149897910655 21793903.19246062
129.51201992109418 22264991.32479624
132.7875410206616 21715772.261731375
138.19065992720425 20866706.921574928
131.5122819505632 21926347.541319136
126.75128900445998 22749938.266099494
129.78601607028395 22217986.862609543
130.24855602998286 22139086.128035128
133.38149595074356 21619070.767244045
134.36594500672072 21460675.91647399
130.11550100054592 22161725.37342727
126.73649506177753 22752593.864887938
132.2300210595131 21807332.229813214
131.53982697986066 21921756.065875694
133.47268395591527 21604300.704348013
130.75551693327725 22053249.20608477
127.25817004684359 22659323.161244232
132.6599520398304 21736657.941307113
130.23666094522923 22141108.1877528
130.17833896446973 22151027.75882731
127.7543130563572 22571324.059548136
129.51467896346003 22264534.206300627
130.29951497446746 22130427.734631598
128.49986203946173 22440366.50494196
128.2598440302536 22482360.101107154
132.2619270067662 21802071.580678564
128.1547989929095 22500788.286200207
128.13416600693017 22504411.5075759
132.93091603554785 21692350.327510595
130.80412207636982 22045054.500013564
128.75217094551772 22396391.290522058
132.74472497869283 21722776.55826136
128.46161099150777 22447048.404138613
129.1449679993093 22328272.209687814
127.96682503540069 22533840.307456926
133.29515198711306 21633074.849404756
131.2837479636073 21964516.131877556
129.2140439618379 22316335.837702274
128.18365602288395 22495722.851634134
129.6406629262492 22242897.675094668
126.90894899424165 22721675.838091128
126.58235605340451 22780299.63973359
132.29391002096236 21796800.77142695
128.75834200531244 22395317.88845981
130.96486998256296 22017996.126624864
126.49192102253437 22796586.34867513
133.84748296812177 21543804.456052255
134.49324492830783 21440363.05717143
132.95585999730974 21688280.60725076
132.0339620579034 21839714.230005506
136.8387129623443 21072867.009451587
128.0907510081306 22512039.138695996
133.64672695752233 21576166.252964094
130.8208069531247 22042242.87527317
134.20126598794013 21487010.415081557
131.60567602608353 21910787.490871515
134.03095304965973 21514313.928153634
132.43572192732245 21773460.80072295
126.93325500003994 22717324.94372017
131.56764209270477 21917121.521172952
130.60366793069988 22078889.863415394
131.54428801499307 21921012.637746282
134.39354300498962 21456268.921289925
132.85282696597278 21705100.79351615
127.64456099830568 22590731.46123536
131.51334400754422 21926170.471603125
131.0213509714231 22008504.557619277
129.28081001155078 22304810.742927447
133.31897102762014 21629209.83993042
128.8447780534625 22380293.89754153
133.39921506121755 21616199.155869916
134.1894440120086 21488903.40243118
133.6520549375564 21575306.128643066
130.7025330606848 22062189.098210976
129.97422402258962 22185814.31575872
131.06654805596918 22000915.128768224
129.8779669450596 22202256.99421212
133.4713000105694 21604524.71633717
135.04423294216394 21352885.178258345
133.52089002728462 21596500.737905115
130.94774400815368 22020875.745827656
130.58484997600317 22082071.546047643
131.2340289587155 21972837.555015076
130.06024900823832 22171140.08306525
129.61105396971107 22247978.94687183
131.07169792056084 22000050.70314772
129.36177500523627 22290850.6000577
135.05095499567688 21351822.355438408
129.96268400456756 22187784.301982068
130.37926598917693 22116890.888459004
133.96587991155684 21524764.3795847
130.20606199279428 22146311.43793889
128.65834904368967 22412723.476039596
130.65668009221554 22069931.65573172
131.40489906072617 21944265.553352077
132.80422892421484 21713043.502895728
130.38814009632915 22115385.631466508
131.11894309986383 21992123.5774741
130.61652006581426 22076717.39031967
128.78311693202704 22391009.541429125
129.24417504109442 22311133.163898002
130.298592033796 22130584.490522157
131.1796639347449 21981943.797587667
128.24543402530253 22484886.280092243
130.2965530194342 22130930.81265091
128.6460739793256 22414862.038179368
131.6479240776971 21903755.947554037
131.66656391695142 21900655.065463837
131.557077053003 21918881.63369754
132.08876398857683 21830653.213239055
132.1008299710229 21828659.21911718
127.82817892730236 22558281.156770088
130.90571702923626 22027945.49726186
131.26902701333165 21966979.306604777
131.6620809957385 21901400.754051067
132.28278700262308 21798633.558747295
132.33659695833921 21789769.922131058
134.5431359950453 21432412.57663409
130.39802410639822 22113709.312398326
134.18298901524395 21489937.145999994
130.794266005978 22046715.716637034
128.84820497129112 22379698.658918034
129.71282401122153 22230523.635431293
128.23297397699207 22487071.075161844
132.46449106372893 21768731.958609965
130.1401510136202 22157527.692573603
129.53356397338212 22261288.20629492
132.49956397339702 21762969.73006613
127.87418288644403 22550165.599577717
129.31677605956793 22298607.24854228
134.5632519805804 21429208.625369333
128.45205096527934 22448719.022629187
131.33640901651233 21955709.171532623
128.20768496021628 22491506.65886211
131.61945797037333 21908493.200519603
131.59695896320045 21912238.87480835
129.23793797381222 22312209.90684877
127.20982602331787 22667934.46813953
129.43315203301609 22278558.11828216
125.0567730749026 23058199.320982646
128.41659598052502 22454916.96756476
127.3452149471268 22643834.722782884
129.40468604210764 22283458.87769239
129.51325392350554 22264779.183936898
130.8328560553491 22040212.886433464
134.71883500460535 21404460.630181555
132.0550839882344 21836221.014080126
127.84716195892543 22554931.652893744
129.76930406875908 22220848.148126885
128.92156303860247 22366964.315632597
127.22986098378897 22664364.93526793
125.62478892505169 22953941.054741666
130.02850709017366 22176552.39247082
127.34419305343181 22644016.431829672
125.84753101691604 22913314.045171037
130.58429199736565 22082165.90137941
130.88785391300917 22030951.79417099
130.85907301865518 22035797.23959162
129.32064896449447 22297939.448105462
130.71145408321172 22060683.35957989
127.2333130473271 22663750.01118921
128.8435779279098 22380502.360881463
129.86874708440155 22203833.214206357
129.611121956259 22247967.2768603
128.59127903357148 22424413.394684248
125.94576389528811 22895442.536657486
131.01857295259833 22008971.209320545
130.2631280850619 22136609.51022931
129.70626703463495 22231647.444066893
128.60671000089496 22421722.785536878
132.56121100857854 21752848.95227302
126.22671399731189 22844482.825255267
129.2724630329758 22306250.93964856
132.25403195247054 21803373.0800457
136.2784500233829 21159501.00331512
134.10707493312657 21502101.969175894
131.83281407691538 21873036.847393904
128.50047391839325 22440259.65095877
128.27711401041597 22479333.295305163
130.93462598044425 22023081.964817144
129.521076916717 22263434.404997773
129.63342003058642 22244140.43322803
132.85408704541624 21704894.927427
131.87740405555815 21865641.204047248
133.24090198148042 21641882.913707674
126.84898695442826 22732416.468063366
134.994548978284 21360743.98429132
126.82237499393523 22737186.558270145
131.32641499396414 21957380.01477107
132.02501798514277 21841193.767718326
125.15418499242514 23040252.31097567
132.07107095513493 21833577.778585326
131.12109305802733 21991762.97839339
127.91759299580008 22542512.97626181
130.98414603155106 22014755.887368318
127.71459703799337 22578343.172019504
129.24329610541463 22311284.893632427
130.44622901361436 22105537.44485053
131.9020070368424 21861562.7220484
126.09456200152636 22868424.73004581
131.72909303102642 21890259.271130208
127.2493579890579 22660892.32645054
128.59069695696235 22424514.900678225
128.48003196995705 22443830.03169145
126.63672410417348 22770519.53450656
123.40760906226933 23366338.768827405
127.469010069035 22621843.52446372
131.68644299730659 21897348.993312687
128.48519207909703 22442928.6623538
129.65378595981747 22240646.338655204
131.83218601625413 21873141.05255352
130.23861299734563 22140776.330739718
132.20434298273176 21811567.872446124
135.71393094025552 21247516.596283853
133.9932840783149 21520362.157215543
122.084696078673 23619537.03142104
135.51102206110954 21279331.792653956
133.83768207859248 21545382.101781283
137.68225105013698 20943759.838368297
129.89287998061627 22199707.94727404
133.66354000754654 21573452.265570663
135.37199795246124 21301185.205323126
128.84897005278617 22379565.772381946
123.03466605953872 23437166.87624105
128.8685209583491 22376170.522916045
133.60726996324956 21582538.14177303
132.68278096802533 21732918.009119082
126.3414160348475 22823742.92215191
128.20911302696913 22491256.135540307
131.92446797620505 21857840.65864193
130.50363201182336 22095814.158940446
129.14931599516422 22327520.49656981
130.20163506735116 22147064.424408875
128.21291806176305 22490588.652002387
129.36347094364464 22290558.3698832
125.37835096009076 22999058.273767494
132.95395392924547 21688591.536996078
131.05936697684228 22002120.615381263
126.67768890969455 22763156.044436816
135.85245609283447 21225851.066170707
133.1918559735641 21649852.229496177
135.69806900341064 21250000.24817983
129.9379359697923 22192010.196855593
129.8202381003648 22212129.959049094
128.9535480318591 22361416.52564368
129.54492890276015 22259335.231597483
128.57284198980778 22427629.002931952
130.20976493135095 22145681.635477033
132.35370395705104 21786953.54786389
133.2486430183053 21640625.63551857
131.30153296515346 21961541.003221065
129.4752659741789 22271311.654034905
129.80694603174925 22214404.453323394
136.46017399150878 21131322.90289642
129.10911499056965 22334472.668414015
128.97168297786266 22358272.245659947
130.13726205099374 22158019.57528567
128.96002107299864 22360294.112915266
129.31674206629395 22298613.110139575
130.01695892307907 22178522.12422529
131.69078796636313 21896626.51829932
132.07850302569568 21832349.20098241
138.050481909886 20887895.21127707
129.31287090759724 22299280.649801016
143.4471330139786 20102067.84487635
129.30079002398998 22301364.12519205
129.54606499988586 22259140.020984355
132.41106900386512 21777514.687354628
137.24515598732978 21010461.0195948
132.70008098334074 21730084.704032753
130.32604893669486 22125922.051091142
128.83885810151696 22381322.238419067
132.07420497201383 21833059.68497803
133.18428094498813 21651083.592898373
133.81275802385062 21549395.159212198
137.2126858914271 21015432.94824581
129.25985094625503 22308427.395595293
131.4054699614644 21944170.214874856
132.8641950385645 21703243.670448802
129.08097403123975 22339341.809600264
134.68331098556519 21410106.262601838
129.91566502023488 22195814.488967672
132.10953609086573 21827220.693717778
131.12392800394446 21991287.508663226
134.18073998764157 21490297.3427154
129.35722607653588 22291634.47192266
129.95307811070234 22189424.382418852
129.71579504664987 22230014.463257715
130.05489599891007 22172052.638634734
129.1781000327319 22322545.37935874
131.58967497292906 21913451.80078314
132.24328204523772 21805145.451650124
134.6088129794225 21421955.48846278
130.16161404084414 22153874.022299264
127.58148997090757 22601899.387266476
130.3499999921769 22121856.54141206
132.37526803277433 21783404.429338444
127.61383596807718 22596170.533744738
128.465143032372 22446431.2414564
131.82850100565702 21873752.473877102
130.38259104359895 22116326.857131958
129.95416694320738 22189238.466360103
129.6705569839105 22237769.830492783
131.44635106436908 21937345.362960387
128.68091894779354 22408792.41132777
130.2032460225746 22146790.407207243
133.10773891862482 21663533.79169692
130.36777498200536 22118840.33763728
130.1429090090096 22157058.129078504
128.3348189899698 22469225.598279536
126.25555298291147 22839264.744183484
130.2301660180092 22142212.42412635
131.44181901589036 21938101.75170655
128.73927305918187 22398635.09773282
131.04598398786038 22004367.568159316
127.62214709073305 22594699.00588582
132.04829604364932 21837343.505340006
129.790656035766 22217192.578219034
130.1341779762879 22158544.702418037
130.31979103107005 22126984.529253222
128.7172680022195 22402464.290574268
132.86171900108457 21703648.136424165
130.64491702243686 22071918.798836816
131.3990920316428 21945235.35448473
133.8961130240932 21535979.909148887
133.65965604316443 21574079.160197504
129.12779801990837 22331241.175160605
129.87972993869334 22201955.61971932
129.79685503523797 22216131.501931604
130.67434693221003 22066947.85699536
131.41383393667638 21942773.554491196
131.50226906873286 21928017.06328599
132.45989102870226 21769487.93786314
128.78729007206857 22390283.99763955
130.10283291805536 22163883.255456947
129.27379994653165 22306020.25462751
127.51976097933948 22612840.377478383
132.3989969678223 21779500.34395513
129.0994790615514 22336139.703748763
132.6486790785566 21738505.200585503
128.84101399686188 22380947.731987223
128.25830897781998 22482629.179982916
129.4360290048644 22278062.93324736
134.33010899461806 21466401.10383243
132.97668797895312 21684883.597464837
136.04895304888487 21195194.34275893
125.42446004226804 22990603.26054609
133.1865529064089 21650714.258115187
129.86034294590354 22205270.173983958
131.707493099384 21893849.257491384
131.62355800159276 21907810.75804915
132.46860401704907 21768056.071828723
132.2620129212737 21802057.418530256
128.9808580186218 22356681.792143747
129.31401503738016 22299083.352770824
130.07670594379306 22168335.053364698
127.80852406285703 22561750.252133694
130.1183020696044 22161248.29585833
130.36418007686734 22119450.283810604
131.3308150274679 21956644.367103767
128.4219779772684 22453975.911431726
129.5560010476038 22257432.899155803
126.2349410681054 22842993.988837596
125.6163070211187 22955490.957994886
136.86856301501393 21068271.16818405
131.18810602463782 21980529.236838344
129.07336000353098 22340659.605677854
131.61611300893128 21909049.994542263
129.50648902915418 22265942.20580603
130.44844090472907 22105162.622111976
133.1995310029015 21648604.75324937
130.90905698481947 22027383.48603632
131.13600597716868 21989262.05288
130.44085795991123 22106447.6660083
126.76121201366186 22748157.375532333
128.83005395997316 22382851.75985345
134.41683689597994 21452550.637175724
129.5583819737658 22257023.868852388
126.726861926727 22754323.40198937
128.99068801198155 22354978.05649469
129.78394806850702 22218340.88818047
133.0357741098851 21675252.534842342
130.67957002203912 22066065.870232686
129.63878095615655 22243220.575910997
129.7583740670234 22222719.88789377
133.22068296838552 21645167.520153765
126.4375220052898 22806394.44894656
130.96097495872527 22018650.98292689
129.6106679365039 22248045.21038858
130.11920102871954 22161095.189660314
128.71510500553995 22402840.753428973
133.02883098367602 21676383.82354758
127.88578402251005 22548119.965331256
128.06224403902888 22517050.373732205
130.88066899217665 22032161.221397527
128.54277598671615 22432874.798798457
128.3476409735158 22466980.91315149
126.77861307747662 22745035.065479
131.3665769994259 21950667.10166774
128.98345396388322 22356231.837359816
133.45231697894633 21607597.869244333
129.88570996094495 22200933.42729588
126.31350802257657 22828785.655170027
129.02181199751794 22349585.355811566
128.42152803204954 22454054.582502384
133.87734501156956 21538998.99755857
133.99710098747164 21519749.14942083
132.43042898830026 21774331.035767876
131.29728799685836 21962251.04108013
131.50214205961674 21928038.24208979
132.5858529889956 21748806.037694927
129.87014697864652 22203593.87499672
133.26825306285173 21637441.278982244
127.55156308412552 22607202.375859223
128.15084995236248 22501481.660651606
131.18648109957576 21980801.495934974
128.03291506133974 22522208.43849797
128.26044100802392 22482255.45879422
124.96309797279537 23075484.25718255
133.5923169972375 21584953.87170827
131.6605049651116 21901662.92286448
127.4231489514932 22629985.396905456
129.76424908265471 22221713.764653858
128.1611149897799 22499679.40923383
128.12463694717735 22506085.236275293
127.56029795855284 22605654.31523953
129.34129394125193 22294380.33386114
131.25702692195773 21968987.6239122
125.71108399424702 22938184.19489536
131.16609898861498 21984217.128011797
130.07408508565277 22168781.722363703
130.6991670280695 22062757.288887
132.53646600060165 21756910.282992683
133.92112695146352 21531957.39642398
127.77373800054193 22567892.628982726
131.42648397479206 21940661.522627957
132.62572896201164 21742266.923380706
129.55337890889496 22257883.38587298
126.70406291726977 22758417.793459468
130.73860900476575 22056101.269173563
129.42588794976473 22279808.511873856
131.51720899622887 21925526.111816164
129.31402900721878 22299080.943793252
130.97884005401284 22015647.709285505
133.7632320355624 21557373.847197175
129.6935579739511 22233825.989870418
129.4553119223565 22274744.521333274
130.13573503121734 22158279.578689724
133.1140979891643 21662498.89049865
129.7237449325621 22228652.136885606
132.5027090497315 21762453.165525246
127.74788506794721 22572459.798189726
130.70832996163517 22061210.64240033
130.27337694074959 22134867.980826966
129.20972099527717 22317082.474819366
129.9096510047093 22196842.018269055
129.27695305552334 22305476.20318314
131.20686006732285 21977387.45154346
128.80745495203882 22386778.786008127
129.01070399675518 22351509.68614609
130.10217098053545 22163996.021491542
127.34482798259705 22643903.530923694
130.12607407290488 22159924.677235965
128.38470295537263 22460495.16508484
131.60649000201374 21910651.97435079
129.71871893387288 22229513.39405359
130.65327098593116 22070507.521472666
129.88386501092464 22201248.782960527
131.47839601151645 21931998.62087929
127.8145550750196 22560685.66140614
130.97967603243887 22015507.194305792
131.26712304074317 21967297.928095695
130.35478501114994 22121044.49984979
126.9545799586922 22713509.043456685
130.60325500555336 22078959.669706453
126.29366596229374 22832372.29696795
131.0305210063234 22006964.31528988
132.04352895263582 21838131.886298988
131.79339794442058 21879578.52954102
133.3959149196744 21616733.9287442
130.6954399915412 22063386.451636184
131.8251199554652 21874313.491800107
130.47783100046217 22100183.44027949
132.0749759906903 21832932.229366887
129.88015997689217 22201882.10819141
132.67573399934918 21734072.336197853
136.01659901905805 21200236.00645951
127.23015109077096 22664313.256554563
134.1988000785932 21487405.23992194
131.60715904086828 21910540.589243736
134.14318696595728 21496313.493221186
127.57096299901605 22603764.463408817
129.51298896223307 22264824.733840976
129.80018893722445 22215560.883309606
129.45027207024395 22275611.737882428
128.3512390218675 22466351.100114558
134.18388704303652 21489793.32425475
129.51980798970908 22263652.52355156
130.9790639206767 22015610.08060304
132.1271889610216 21824304.46507627
131.60171802155674 21911446.471600477
128.28956509474665 22477151.574022137
131.14690699148923 21987434.29143266
131.34544901549816 21954198.045032762
133.90649005305022 21534310.987149317
129.82849194668233 22210717.822896868
129.95919096283615 22188380.665008955
132.22767191473395 21807719.656891927
130.87857398204505 22032513.896396767
132.441996014677 21772429.34092028
130.48800500109792 22098460.31423147
129.99566609505564 22182154.887313407
129.0947418892756 22336959.33544099
133.17029492463917 21653357.467082392
140.59423003345728 20509973.981960654
127.67384306062013 22585550.26522434
133.85367603041232 21542807.68011805
129.86794405151159 22203970.510661494
131.80474005639553 21877695.739669118
131.29419705364853 21962768.078940533
129.7765210038051 22219612.436023403
131.66738697327673 21900518.16388863
130.88276202324778 22031808.890828643
128.75674990937114 22395594.809823077
130.17329503782094 22151886.062054396
130.17501193098724 22151593.89828781
130.53449802100658 22090589.41289185
132.8701180173084 21702276.200464938
129.17608593124896 22322893.430404153
132.8231799416244 21709945.517546944
133.03643907420337 21675144.194077767
128.9231649134308 22366686.405319523
128.23743605986238 22486288.62677758
129.93875506799668 22191870.304521747
129.36114403419197 22290959.325760357
130.24712400510907 22139329.540104765
129.88910998683423 22200352.28736485
130.2141579799354 22144934.504313495
134.1716059250757 21491760.34764207
128.65054502617568 22414083.04499057
128.65379103459418 22413517.52491011
128.4109599655494 22455902.52400277
132.34532589558512 21788332.76118135
127.80761893372983 22561910.033666942
128.5260209115222 22435799.222206295
134.5397710101679 21432948.624403946
126.5472979284823 22786610.597008925
128.62772401422262 22418059.730895624
132.35502096358687 21786736.755482238
127.46810703538358 22622003.78640245
134.09379997756332 21504230.6242532
130.17284497618675 22151962.65033241
130.7679769815877 22051147.892316267
133.09440296143293 21665704.46118296
129.25719702616334 22308885.4341807
128.1395769910887 22503461.207777634
129.59352997131646 22250987.3806064
129.29982598870993 22301530.399985116
128.79125110339373 22389595.374650534
128.87712300289422 22374677.000938658
128.79879702813923 22388283.63723002
130.2963140187785 22130971.407099158
134.8078359151259 21390329.28186374
128.81467200350016 22385524.530324053
130.30239997897297 22129937.748386268
136.1707099713385 21176242.67808358
131.2206240836531 21975082.195628915
129.34887397568673 22293073.850353096
133.7974410271272 21551862.112335604
134.37271094880998 21459595.327346765
128.58344207052141 22425780.128194906
129.3760259868577 22288395.226275697
132.37765803933144 21783011.141829107
129.56380704417825 22256091.927097857
129.53092099633068 22261742.430455547
131.9718830054626 21849987.54530647
124.21399401500821 23214646.8106612
128.35460505448282 22465761.93176709
127.54362798295915 22608608.878408805
133.5225000511855 21596240.32574724
132.1280529955402 21824161.747826036
131.8878330057487 21863912.1917661
132.04328203573823 21838172.722937487
130.9977179626003 22012475.063292783
129.0192148881033 22350035.24475711
129.12000296637416 22332589.325845603
131.03642396163195 22005972.941113885
129.05943696387112 22343069.7346621
135.87849494069815 21221783.485742103
135.9223669860512 21214933.670894083
133.5171340033412 21597108.27771243
133.22116900235415 21645088.551572792
133.56947409920394 21588645.305725478
133.31791397649795 21629381.333616838
128.99434997234493 22354343.431462005
135.3823320241645 21299559.232627984
131.3114850781858 21959876.535423003
130.2663249662146 22136066.253100146
128.35215497761965 22466190.77414634
127.55112198647112 22607280.556151055
128.67855606600642 22409203.896575034
128.96668398752809 22359138.89418806
132.9130280064419 21695269.780929536
134.78787092026323 21393497.651623625
134.72312490921468 21403779.061264716
132.71863898262382 21727046.194148608
134.12699394393712 21498908.722320955
130.4733679862693 22100939.406296782
133.44881194643676 21608165.392715547
130.3244299488142 22126196.91590093
133.4028959972784 21615602.708196297
129.86327696125954 22204768.487862993
131.0411780141294 22005174.584809367
129.41827008035034 22281119.954776898
132.0347780128941 21839579.26386939
135.04697300959378 21352451.93385526
127.69495090469718 22581816.896990005
125.29382901266217 23014573.20542567
133.52064799983054 21596539.8850046
130.88436098769307 22031539.73660108
131.84623303823173 21870810.66748294
128.6550279473886 22413302.03728373
134.78592305909842 21393806.82013551
130.15820004511625 22154455.109247625
131.5908880205825 21913249.795449138
128.4537009196356 22448430.674675968
130.89566002599895 22029637.953063168
126.70653802342713 22757973.226818383
126.66393304243684 22765628.15267941
129.1989249875769 22318947.31536869
128.1681500840932 22498444.41156429
125.53898897022009 22969628.98660936
129.17053303681314 22323853.066226713
130.89131598826498 22030369.075504802
133.04281001910567 21674106.248852544
129.8222749028355 22211781.469383407
128.5166370216757 22437437.415310305
130.96239604055882 22018412.057053074
133.20559496060014 21647619.23741201
128.41216498054564 22455691.798645876
134.35966009274125 21461679.778064463
131.41329295467585 21942863.885121133
129.6927989460528 22233956.113472883
130.4784029489383 22100086.56473568
129.50467492919415 22266254.10686202
134.69010102562606 21409026.92953932
131.69120508246124 21896557.16336093
129.25604195334017 22309084.793428365
128.48659604787827 22442683.42921532
132.90628301911056 21696370.81480467
133.07403202634305 21669021.04107864
130.11869590263814 22161181.21993517
128.6058119731024 22421879.35179084
126.53099605813622 22789546.354911342
132.98746198415756 21683126.792385235
129.38006094191223 22287700.12169528
134.38605493865907 21457464.476624608
129.81728103477508 22212635.921927482
130.85767393931746 22036032.837762363
126.35878496803343 22820605.632837452
129.04277897905558 22345953.97599135
133.6960329208523 21568209.14579473
130.08254999294877 22167339.12547307
133.6074530845508 21582508.56091974
130.5902439635247 22081159.453269854
139.72172106150538 20638050.96367693
127.12303502485156 22683410.598529857
128.19596007466316 22493563.74663101
132.3667879914865 21784799.97705667
130.5131249828264 22094207.003161076
126.47203099913895 22800171.525826387
128.7407879717648 22398371.529560797
130.59334200806916 22080635.625526972
130.30485098715872 22129521.48868327
129.53263300005347 22261448.202004895
131.06583105400205 22001035.485838402
127.80364695936441 22562611.229058627
129.74984594620764 22224180.52962846
126.58708798699081 22779448.092654932
128.07282793801278 22515189.57163696
129.16226300876588 22325282.4225006
128.38420597836375 22460582.109967347
130.21818699780852 22144249.328617427
125.73911692015827 22933070.238047052
130.36160892806947 22119886.550273363
129.66269999742508 22239117.34104923
130.91874809470028 22025752.934286807
130.82228403072804 22041994.00251025
128.86892491951585 22376100.38107264
130.19718299619853 22147821.73961624
128.44782997854054 22449456.720925167
133.42581503093243 21611889.718129072
132.48765899334103 21764925.291229818
127.89471901487559 22546544.706545755
130.55061304476112 22087862.574887507
127.95336893759668 22536210.057949584
124.902768060565 23086630.062527984
129.37417696230114 22288713.77353967
132.43644696194679 21773341.60005475
130.48417505342513 22099108.944202255
131.70101901050657 21894925.50372719
130.93356101308018 22023261.09279142
130.14128396753222 22157334.79869001
133.02599301096052 21676846.26689771
133.52072308771312 21596527.739785388
126.2627539690584 22837962.180887036
129.5137220295146 22264698.711560972
129.08128707204014 22339287.63346367
129.2192180408165 22315442.26718012
127.82720604445785 22558452.84607957
128.9471680065617 22362522.91987726
128.10096493922174 22510244.176288083
132.20041489694268 21812215.962014254
124.44450799375772 23171645.309929177
127.08131596446037 22690857.252425876
128.7138849729672 22403053.101890422
131.09351694583893 21996389.044862896
133.196874987334 21649036.437785845
129.31042106356472 22299703.11969308
126.45293807145208 22803614.08740566
129.41387004684657 22281877.50629952
131.55261101201177 21919625.751378715
130.96727395895869 22017591.97418762
125.48942898865789 22978700.462973874
127.59506702423096 22599494.378982477
134.52732400037348 21434931.687126953
130.10891806334257 22162846.658951912
129.41824097651988 22281124.965399303
126.70972698833793 22757400.465912126
130.96501305699348 22017972.07277885
131.4088300568983 21943609.107176784
129.02381201274693 22349238.911923606
131.0171039076522 22009217.98754232
127.76301603298634 22569786.543357
129.85696189571172 22205848.32652877
133.09434801340103 21665713.405873984
135.34221798181534 21305872.203065567
131.47075090091676 21933273.981018182
136.1597079085186 21177953.77423539
133.72845109552145 21562980.625119727
131.33599190041423 21955778.901692715
128.32722102757543 22470555.949936487
132.93548102956265 21691605.41389803
127.22749006934464 22664787.29108244
129.1639080736786 22324998.0819342
124.01160795707256 23252532.94835248
128.46022902522236 22447289.887937427
127.58267007302493 22601690.32635477
128.9516449905932 22361746.530727487
134.1431769542396 21496315.097589195
125.18299801740795 23034949.199722864
128.31786402966827 22472194.513254125
129.0240199305117 22349202.896894764
136.0188090475276 21199891.545825988
130.44661795720458 22105471.53431002
133.1017039483413 21664516.038946882
132.83004995901138 21708822.671449833
128.58755700290203 22425062.480461635
130.69932896178216 22062729.953595936
131.6157930996269 21909103.247337986
131.78355304989964 21881213.044150777
127.01186002232134 22703265.659547325
128.51469893939793 22437775.78594162
128.25213000178337 22483712.355965573
132.46807700488716 21768142.674054336
125.96891494467854 22891234.724585637
133.82797793019563 21546944.402792
129.22926398459822 22313707.523271747
129.81710594613105 22212665.880847573
132.78964906930923 21715427.521725886
133.64832603838295 21575908.0975833
131.43478194251657 21939276.326879326
127.40175204817206 22633786.063708793
129.30967600550503 22299831.606393006
131.62235298659652 21908011.326113
131.077588070184 21999062.100959763
131.98635703884065 21847591.407886386
129.3843820458278 22286955.77012253
128.5425949608907 22432906.390891947
135.19054907374084 21329775.045348212
133.57796100899577 21587273.665644635
134.18558903504163 21489520.750599917
129.6535599976778 22240685.099982195
130.61999098863453 22076130.752840932
129.5473650097847 22258916.65015497
127.94826296158135 22537109.400741495
132.59254198055714 21747708.859996345
130.03767502959818 22174988.897207372
126.7031910829246 22758574.39227994
131.5673990175128 21917162.013791647
131.7319569643587 21889783.36350215
132.80695804860443 21712597.30943217
131.48310699034482 21931212.80752629
130.79259800724685 22046996.87852541
132.0730959996581 21833243.009669922
121.72791897319257 23688764.453740764
133.1481150118634 21656964.499595616
131.69386005029082 21896115.72550783
131.05072698090225 22003571.18522676
134.9428240209818 21368931.77477627
