1437.2228549327701 4012716.594511555
681.1946500092745 8466255.570153818
665.4882840812206 8666069.918814884
665.6796670285985 8663578.423152039
666.0194830037653 8659158.098483728
668.6561519745737 8625012.995048765
662.4396790284663 8705951.92675977
669.2952059675008 8616777.691785885
661.9803480571136 8711992.760701148
665.2016969164833 8669803.499800863
676.6107239527628 8523613.055241246
660.6772230006754 8729176.36513421
671.766999992542 8585071.907467958
663.9244630932808 8686482.153602643
663.798538967967 8688129.999451997
678.42006101273 8500880.695348104
674.5511189801618 8549638.178229172
664.7092519560829 8676226.459957616
667.1657860279083 8644280.208575852
682.1028740378097 8454982.70057182
676.4657059684396 8525440.312962541
664.5172870485112 8678732.837207565
668.4930289629847 8627117.636434374
661.7665169760585 8714807.79407376
673.6933420179412 8560523.96588241
671.3736419333145 8590101.90419843
678.7156430073082 8497178.545121437
677.5926010450348 8511261.768657796
673.1962789781392 8566844.737695405
662.7811080543324 8701467.090590682
667.4301919993013 8640855.73162989
664.8392039351165 8674530.572001036
671.0481949849054 8594267.957355473
672.797478036955 8571922.737919694
683.8007960468531 8433988.426659921
666.0197050077841 8659155.212130843
668.8878260320053 8622025.660434205
666.7860939633101 8649202.573677756
666.929907980375 8647337.495276496
669.4616799941286 8614634.970668642
662.6237679738551 8703533.25482818
664.2107421066612 8682738.225082617
666.7123649967834 8650159.053264031
672.7163820760325 8572956.083219297
665.6253549735993 8664285.332443118
665.9441740484908 8660137.327937735
665.1980729075149 8669850.733018935
670.6161120673642 8599805.307720792
666.8363889912143 8648550.22192855
679.6125819673762 8485964.140488565
665.0704599451274 8671514.294103257
674.1087679984048 8555248.461051982
667.2875480726361 8642702.859745597
669.8802469763905 8609252.214901121
673.1414740206674 8567542.221923666
666.583395912312 8651832.666949091
667.5561490701512 8639225.34161834
664.5858279662207 8677837.77100515
665.5766720650718 8664919.072518453
668.0822459748015 8632422.182668695
670.311214053072 8603717.018440606
671.1686420021579 8592725.641645007
670.8206930197775 8597182.615280427
670.6404819851741 8599492.805636352
668.6479880008847 8625118.30364226
670.6119660520926 8599858.475463009
669.2925239913166 8616812.220772428
675.4865330876783 8537798.63476778
670.109989005141 8606300.599341992
664.7373730083928 8675859.420841057
677.5157690281048 8512226.967459358
670.2357250032946 8604686.060224036
681.586057995446 8461393.733553354
673.654095036909 8561022.700654736
672.7446129079908 8572596.330531683
666.6231519775465 8651316.689034306
664.427150040865 8679910.204821246
673.3022120315582 8565496.885267457
670.4253009520471 8602252.915888242
674.89203508012 8545319.399591595
669.4592349231243 8614666.433964808
666.1653249757364 8657262.369832978
671.0847190115601 8593800.211237794
669.4789920002222 8614412.205481252
663.8961009448394 8686853.246754
669.2942479858175 8616790.02524792
666.8551010079682 8648307.5427972
668.1342780357227 8631749.918527082
668.8517909497023 8622490.180987932
669.461811077781 8614633.283884127
667.7501449594274 8636715.459418453
669.2954190075397 8616774.94902297
676.0507590370253 8530673.06397943
665.8862589392811 8660890.538853843
665.6273109838367 8664259.871602599
666.954207001254 8647022.448408002
665.2467889944091 8669215.839008685
670.6816940568388 8598964.383708445
666.0990170203149 8658124.171686191
669.4493520772085 8614793.609263012
679.8859210684896 8482552.47135649
678.2796080224216 8502640.993165988
682.877809042111 8445387.92099533
672.0749890664592 8581137.661454776
679.6141059603542 8485945.111234099
682.0281549589708 8455908.979808815
678.1927699921653 8503729.699251475
669.2957530030981 8616770.649033694
676.4600079040974 8525512.125792392
669.0630461089313 8619767.64901321
670.0285659171641 8607346.452618256
683.3097729831934 8440049.049528008
669.538679998368 8613644.248326411
672.4464369472116 8576397.588158734
684.4485839828849 8426006.182144739
668.5714200139046 8626106.093317686
677.546918974258 8511835.621259922
670.8175250096247 8597223.216428721
669.8939889902249 8609075.60716171
670.0360520044342 8607250.285633637
679.392289952375 8488715.702682283
677.2290889639407 8515830.306141907
678.196746041067 8503679.844625471
680.4072069935501 8476053.664220918
665.6652740202844 8663765.746963482
661.4521009614691 8718950.30889916
667.0841689920053 8645337.827030815
683.0535939661786 8443214.487040034
665.98263499327 8659637.19918655
668.9197710948065 8621613.905298391
664.545236970298 8678367.820816636
667.5695710582659 8639051.64349775
668.3583880076185 8628855.571323004
672.3055300535634 8578195.094632827
665.1644220110029 8670289.343744548
667.2547080088407 8643128.224917056
668.0948010180146 8632259.95953304
666.0835490329191 8658325.233183285
666.1032000556588 8658069.799872005
670.5016590422019 8601273.273862265
670.1523219235241 8605756.94708722
676.0263869073242 8530980.612137875
675.5534069379792 8536953.467735926
669.3819370120764 8615661.225851025
664.1811920562759 8683124.528331041
665.6119279796258 8664460.111923553
668.74850098975 8623821.947211204
666.6826179716736 8650545.018776894
675.5775979254395 8536647.777708722
667.6475390559062 8638042.773519576
667.9778459947556 8633771.366191804
663.5648529045284 8691189.677627128
672.8109089890495 8571751.62136657
665.773514076136 8662357.210173553
667.7053549792618 8637294.814236023
669.3076560040936 8616617.40795137
668.4833390172571 8627242.690114554
675.0044940272346 8543895.70888888
672.6728728972375 8573510.590906547
666.9800949748605 8646686.825365266
668.6161269899458 8625529.309266455
669.1212439909577 8619017.931043204
672.391694970429 8577095.825452803
671.22034705244 8592063.731866328
675.2857459941879 8540337.23384654
670.5725711071864 8600363.701840347
669.3217200227082 8616436.352617297
669.1015830729157 8619271.192744317
680.5690040346235 8474038.585081667
669.0583740128204 8619827.841642844
673.6213560216129 8561438.779287994
670.8820459898561 8596396.392589109
668.2875810656697 8629769.822751332
669.6888000005856 8611713.380894165
669.9797629844397 8607973.432376558
686.6124160587788 8399451.954428814
687.2263089753687 8391948.801550763
673.0207150103524 8569079.48206511
674.7775679687038 8546769.000281114
668.2181989308447 8630665.865173265
680.4546079365537 8475463.216405667
669.2186639411375 8617763.237558573
669.2935759201646 8616798.677726926
668.4121750295162 8628161.208681349
669.104413012974 8619234.738014162
669.3035040516406 8616670.860212663
675.6796300178394 8535358.687441465
666.7911689728498 8649136.743793355
663.9131050324067 8686630.759786695
666.5137499803677 8652736.72174036
668.5984469950199 8625757.397314081
668.2413689559326 8630366.612906178
676.1922959703952 8528887.469390063
679.053150000982 8492955.227424627
664.5170080009848 8678736.481627349
677.7030769735575 8509874.303293185
666.3554880069569 8654791.779759139
659.5104790758342 8744619.203142121
671.3988760020584 8589779.051078303
670.2917310176417 8603967.098391986
668.9651829656214 8621028.637743587
666.7851300444454 8649215.077150239
665.1911319931969 8669941.198282516
666.0801359685138 8658369.599348959
669.0590550424531 8619819.067591965
668.9762310124934 8620886.262687406
666.681993054226 8650553.12740525
670.4971700673923 8601330.859338805
680.4750729352236 8475208.32045084
670.9302309900522 8595779.01489061
668.447011965327 8627711.541478397
682.000158005394 8456256.105375253
679.8479040153325 8483026.815171197
674.3767330190167 8551849.014988737
668.6278679408133 8625377.846964804
668.0774670094252 8632483.933062566
672.1781619125977 8579820.539825713
677.4097150191665 8513559.625930114
670.9578399313614 8595425.31105975
672.0693099778146 8581210.173382828
683.06516809389 8443071.421857776
668.5913449618965 8625849.023410069
669.4199120393023 8615172.4743757
663.7915349565446 8688221.672452556
665.973860071972 8659751.299212765
662.4006670899689 8706464.661842933
663.899342995137 8686810.825842682
667.9500889731571 8634130.147157993
671.489214990288 8588623.422765492
682.9894459806383 8444007.493731448
664.6290130447596 8677273.917940756
667.7568709710613 8636628.465706844
671.6077460441738 8587107.629370127
665.0766589445993 8671433.46926629
672.4919410189614 8575817.267433085
665.6090730102733 8664497.276032455
667.5280929775909 8639588.446794562
670.0255610048771 8607385.054609912
663.6551530100405 8690007.112643858
665.719149983488 8663064.597350165
671.3011929532513 8591028.975575825
665.4852560022846 8666109.351008974
663.5753100272268 8691052.71527262
669.4015900138766 8615408.27813159
679.384449031204 8488813.672765
681.1559631023556 8466736.419267584
679.8386849695817 8483141.850420063
672.6280039874837 8574082.502974877
667.879965971224 8635036.67401289
670.8087311126292 8597335.92082851
669.6096400264651 8612731.441220086
667.7177280653268 8637134.761585608
664.8123000049964 8674881.616896464
674.9110410455614 8545078.757439788
665.155905066058 8670400.361892976
675.5859719123691 8536541.964710992
669.3666409701109 8615858.10676442
669.8053369764239 8610215.060443742
663.9582701027393 8686039.860769566
670.0135919963941 8607538.815467848
664.5736080827191 8677997.335220937
663.525560987182 8691704.34281342
668.6288530472666 8625365.138994845
680.2282970165834 8478282.99012883
670.6642450299114 8599188.107519861
669.4552859989926 8614717.249403687
670.5776969902217 8600297.960825404
670.6749589648098 8599050.73674087
668.8975929282606 8621899.76608053
675.9319779230282 8532172.153951174
680.1374719943851 8479415.173360145
676.3618820114061 8526748.998404885
680.6584630394354 8472924.841405911
669.7711669839919 8610654.331343947
668.5345600126311 8626581.698171351
667.4106830032542 8641108.311375171
664.7867859574035 8675214.552729594
668.9945799298584 8620649.812446412
669.9308579554781 8608601.815417899
666.9808170991018 8646677.463803427
670.5284239724278 8600929.943929037
669.1627539694309 8618483.27001096
669.4751839386299 8614461.205374075
669.6294998982921 8612476.004829472
665.0660170707852 8671572.22286127
672.9740729788318 8569673.382025527
667.3933730926365 8641332.432288771
672.0560600515455 8581379.356296062
668.76126290299 8623657.379564134
665.2656580554321 8668969.952330623
680.9812540886924 8468908.601188708
670.5680870218202 8600421.212428406
668.9870429690927 8620746.93465542
665.4743560357019 8666251.295325043
667.4142900155857 8641061.610870399
664.9056390160695 8673663.842788704
666.5193800581619 8652663.632221384
665.4224810190499 8666926.899085179
669.4863049779087 8614318.10795637
666.2810499547049 8655758.707818665
669.0509170293808 8619923.91491893
696.5198169928044 8279976.907045531
666.0713469609618 8658483.849085331
660.3644269052893 8733311.130987281
664.2147620441392 8682685.675716363
674.996878951788 8543992.098090759
664.0589029993862 8684723.559839586
663.0861699813977 8697463.860785685
669.3606899352744 8615934.707127292
665.0158120319247 8672226.87890486
680.8341870782897 8470737.970355224
665.2910459088162 8668639.139914773
673.552179010585 8562318.079753948
665.2230309555307 8669525.454817766
671.7027819249779 8585892.682284784
666.9121410232037 8647567.865763811
665.259235072881 8669053.649992835
669.7096349671483 8611445.466635553
675.915191997774 8532384.045037108
665.4154909774661 8667017.943222638
674.7466529486701 8547160.589529779
665.2704440057278 8668907.58782957
665.4817960225046 8666154.407933604
665.8351429505274 8661555.43314197
671.1699329316616 8592709.114380443
673.1685940176249 8567197.060665317
662.2152830241248 8708901.995833127
666.2545050494373 8656103.570469765
668.0115560302511 8633335.678011583
665.498508955352 8665936.771297734
666.235186974518 8656354.561802184
662.3311139410362 8707378.950814955
665.2185259154066 8669584.167193487
667.2374609624967 8643351.636283735
669.1441530128941 8618722.84773423
681.8336830474436 8458320.765591608
680.4623160278425 8475367.208672913
668.314580922015 8629421.180731302
668.003003927879 8633446.206212947
665.6645439798012 8663775.248595782
674.8631740920246 8545684.846056791
668.0927759734914 8632286.124627741
672.1454029902816 8580238.701838426
669.3954590009525 8615487.186912322
668.7387740239501 8623947.38276901
668.2675969786942 8630027.890135558
665.8007100922987 8662003.37815877
671.0470060352236 8594283.184533393
666.9554669642821 8647006.113091584
673.1371170608327 8567597.676356941
664.7237970028073 8676036.612505456
688.6959149269387 8374041.249557605
667.8575540427119 8635326.448117362
670.4820790328085 8601524.455835301
668.691084953025 8624562.417196184
669.0249480307102 8620258.507512743
669.6941719856113 8611644.301608033
666.4699970278889 8653304.763483102
666.011149995029 8659266.440273628
666.5446090046316 8652336.125877999
665.3222779277712 8668232.210655203
667.7021340001374 8637336.480339618
676.1752120219171 8529102.956547108
670.526809990406 8600950.646675138
673.030419042334 8568955.929519795
683.4530519554392 8438279.679195898
675.4049160517752 8538830.35633383
665.2721089776605 8668885.892214157
665.341792977415 8667977.963915106
670.5247939098626 8600976.50732848
668.7672779662535 8623579.816192824
665.0984910083935 8671148.826779129
666.8733949773014 8648070.298555395
667.0825119363144 8645359.302344572
671.1313269333914 8593203.3993287
666.5435910690576 8652349.33959854
668.5469179647043 8626422.237585539
686.911849072203 8395790.533806615
679.4726550579071 8487711.693870155
673.2872959692031 8565686.645992793
669.7539300657809 8610875.936828872
670.9991070674732 8594896.683551136
665.9581699641421 8659955.324687326
688.0475080106407 8381932.835822159
669.0017560031265 8620557.34271204
663.860895903781 8687313.917094892
668.9453519647941 8621284.209630804
669.9222719762474 8608712.146540605
668.5543810017407 8626325.941292401
667.1776920557022 8644125.948261626
667.6366820465773 8638183.244098106
674.3662510998547 8551981.939478826
665.6581669813022 8663858.247474931
667.9328149184585 8634353.442724712
667.0775200473145 8645423.99748525
662.1111650019884 8710271.484370273
667.0714500360191 8645502.666451393
669.6799810742959 8611826.787398288
671.6667029540986 8586353.87854581
669.4062590831891 8615348.186165223
668.7962700380012 8623205.98718696
666.0379400709644 8658918.13818523
668.3019109768793 8629584.780881349
670.0867060571909 8606599.635342984
666.9859399553388 8646611.0520803
664.7456120699644 8675751.889570963
666.6880489792675 8650474.549273564
667.9035449633375 8634731.831400253
664.7802590159699 8675299.727667538
666.1055020522326 8658039.878415188
666.7181130032986 8650084.477263132
667.9347089957446 8634328.958096925
665.4138839803636 8667038.87436498
663.9692310709506 8685896.469476204
666.3295500911772 8655128.681012046
667.9418761050329 8634236.310545562
665.6755430158228 8663632.096008847
665.1301370002329 8670736.265252074
670.940964948386 8595641.496481968
667.8535669343546 8635378.001307992
666.9019749388099 8647699.687092924
665.2155730407685 8669622.651252262
663.6889019282535 8689565.221362472
674.0120750619099 8556475.786387462
666.6642179479823 8650783.775003796
671.5796740027145 8587466.570610786
666.7438260046765 8649750.886421481
670.4470630502328 8601973.694629936
668.4950860217214 8627091.089511177
666.2754899589345 8655830.939174209
672.6507720304653 8573792.285395306
669.3734040018171 8615771.056216545
674.976626993157 8544248.45152226
670.3385059954599 8603366.729523756
668.9010289264843 8621855.477267986
673.7870930228382 8559332.851163
682.3315899819136 8452148.610256882
673.4591799322516 8563500.46424516
676.5082950005308 8524903.60076882
667.0746800955385 8645460.803839872
679.6858690213412 8485049.14233978
680.6258540600538 8473330.781659
667.5835449714214 8638870.810164873
674.6340539539233 8548587.143206812
680.1888990448788 8478774.070112372
689.7126699332148 8361696.473632183
663.64910104312 8690086.358792918
670.0433539226651 8607156.486572111
671.6705010039732 8586305.325869722
673.9764669910073 8556927.849050477
678.8751080166548 8495182.592345858
669.8386969510466 8609786.245928815
672.0380180049688 8581609.738568928
670.240044943057 8604630.599906893
681.1865669442341 8466356.032050371
670.4137990018353 8602400.500387391
668.3741409797221 8628652.197025932
660.6435239082202 8729621.636011379
667.3459199955687 8641946.893206893
667.4894570605829 8640088.527235806
679.6327229822055 8485712.657704093
672.9009869741276 8570604.162632536
664.0371939865872 8685007.484861594
673.9561660215259 8557185.60161641
664.4611520459875 8679466.033856036
667.5476509844884 8639335.321597902
670.7389670191333 8598230.136576347
664.2037279671058 8682829.916735448
667.0004980405793 8646422.329431506
683.4943980211392 8437769.229268258
666.1286919843405 8657738.466151485
665.6357579631731 8664149.921343429
668.1970629142597 8630938.865320962
668.4506989549845 8627663.953401564
671.8555080005899 8583940.938674178
674.6472320519388 8548420.160947174
669.3730419501662 8615775.716329724
678.6236630287021 8498330.244278675
669.7980799945071 8610308.348520938
673.0169579386711 8569127.31837217
664.4352209987119 8679804.76912614
672.1911720233038 8579654.479306463
666.4365739561617 8653738.743305173
668.0220699636266 8633199.798794102
664.2997419694439 8681574.951244337
668.9416299341246 8621332.178964453
669.0135500393808 8620405.37095328
683.5463149473071 8437128.361147813
681.5633559599519 8461675.572151614
672.4521520081908 8576324.698756788
668.6718810815364 8624810.109663881
666.6987440548837 8650335.779731479
679.6868710080162 8485036.633776588
660.3468470275402 8733543.630835988
673.3870089519769 8564418.266660219
671.7701590387151 8585031.535566662
667.1586739830673 8644372.358331015
674.3682039668784 8551957.174249062
666.7538409819826 8649620.962822234
672.6932519814 8573250.858415721
664.1069010365754 8684095.875224726
670.1231061015278 8606132.138243623
663.1552129983902 8696558.342539938
664.7493989439681 8675702.466466038
662.1054180432111 8710347.087997423
667.8736989852041 8635117.700791156
664.7157189436257 8676142.04936398
675.2299320651218 8541043.170822872
685.0371370092034 8418766.937481403
665.432051056996 8666802.25402312
666.9019649270922 8647699.816914598
667.0715190703049 8645501.771740578
668.4590280056 8627556.452048825
667.3943620407954 8641319.627521029
664.5168149843812 8678739.002466856
669.2690410418436 8617114.562810667
681.7698180675507 8459113.10117366
683.8808580068871 8433001.059289658
668.930170009844 8621479.877212191
679.7950300388038 8483686.61899573
666.3607259979472 8654723.747956548
665.5565740074962 8665180.730278602
672.0659480197355 8581253.100224987
685.3128799702972 8415379.556633987
669.3447419675067 8616139.992446473
664.2462559975684 8682274.002943138
665.1206139940768 8670860.41036665
667.4419870832935 8640703.02979049
683.8101278990507 8433873.3293102
664.8474439280108 8674423.06151735
665.806918987073 8661922.60178656
668.5413391096517 8626494.223499453
666.7738569667563 8649361.30854863
671.8508909689263 8583999.928440576
671.5125560294837 8588324.891644744
673.745846026577 8559856.857020985
676.4578070724383 8525539.863245934
666.3908220361918 8654332.876881644
670.0027659535408 8607677.897854986
664.3658890388906 8680710.577033255
677.1205540280789 8517195.299554953
669.7329920716584 8611145.14033518
669.3929069442675 8615520.033408668
674.0877679549158 8555514.985083839
667.3496559960768 8641898.513294363
675.8384429849684 8533352.992659327
662.4663299880922 8705601.687113162
668.6875119339675 8624608.501092367
669.3711490370333 8615800.080862058
670.9107239730656 8596028.940851344
663.9780460391194 8685781.155571848
668.35337493103 8628920.293243282
668.7774460297078 8623448.703657115
666.8402410577983 8648500.262749039
667.804082040675 8636017.890721325
670.6165689975023 8599799.448172417
681.6150409867987 8461033.946156269
669.8644539574161 8609455.190417709
667.3939840402454 8641324.521816825
669.4711670279503 8614512.893218031
678.9152889978141 8494679.812724866
676.0583230061457 8530577.619924625
667.1488359570503 8644499.831475804
666.1340000573546 8657669.477167422
666.1646299762651 8657271.40182372
671.7147669987753 8585739.488455394
682.0485979551449 8455655.531424873
676.73486599233 8522049.461044563
668.0307709611952 8633087.35270071
665.2263909345493 8669481.666080538
668.2319790124893 8630487.886142023
676.1825219728053 8529010.751673857
668.9401179319248 8621351.665720997
667.6231529563665 8638358.293090716
663.9783380087465 8685777.336193806
665.6617119442672 8663812.108338386
666.5421689394861 8652367.80018878
678.1864479416981 8503808.970974583
667.217162088491 8643614.594606481
666.3646119413897 8654673.277438767
665.2068039402366 8669736.93870716
662.6154980622232 8703641.881099544
663.380158948712 8693609.42169191
664.9293480440974 8673354.570623536
674.4101620279253 8551425.118889593
666.5484351105988 8652286.459937556
667.183045996353 8644056.58178479
678.6369850160554 8498163.417756489
694.9151810258627 8299096.28896906
669.9875519843772 8607873.359615015
667.8919770056382 8634881.3858432
666.9186470098794 8647483.50620727
666.7231279425323 8650019.413301494
677.9343610396609 8506971.074833315
678.2593940151855 8502894.395401295
672.5455549312755 8575133.621378735
665.6725240172818 8663671.38784036
665.9306369256228 8660313.372313173
667.1466761035845 8644527.817604776
663.9030840015039 8686761.876808718
676.4537630369887 8525590.83137904
665.2410660171881 8669290.419077933
668.9617019146681 8621073.49866742
684.3673979165033 8427005.753865013
682.8781159128994 8445384.125819018
669.4929639343172 8614232.42764028
670.8183269947767 8597212.938168438
673.6197429709136 8561459.280520258
672.5399150745943 8575205.531645417
669.1939169541001 8618081.924967002
676.7886179732159 8521372.621884486
668.3893450535834 8628455.91821584
674.9397030798718 8544715.881557079
671.5227799722925 8588194.134289768
664.3882930511609 8680417.852510087
684.300324996002 8427831.741909072
671.1526400176808 8592930.514060214
670.4264549771324 8602238.108573316
670.0383310671896 8607221.009004759
671.6814809478819 8586164.965961738
677.6137690758333 8510995.884669786
675.0573749886826 8543226.41849026
664.9657740490511 8672879.45495761
671.658045030199 8586464.55986498
669.739220989868 8611065.052269422
673.0723569635302 8568422.013374245
677.7543050702661 8509231.083972368
665.4512849636376 8666551.752642775
664.590262924321 8677779.86187066
667.6613829331473 8637863.664757537
664.3918569898233 8680371.288909908
664.6595760248601 8676874.911652956
666.580865974538 8651865.50407268
667.5597639987245 8639178.559016656
667.7013910375535 8637346.091249399
669.8935979511589 8609080.632564094
669.7998039890081 8610286.186489603
668.9430159749463 8621314.315681554
676.0356789454818 8530863.354721086
670.3699169447646 8602963.608934123
678.4682790748775 8500276.546257693
672.4198539741337 8576736.64142262
678.2973479712382 8502418.618102197
671.7256419360638 8585600.489178484
670.322809019126 8603568.194910474
666.6423080023378 8651068.092695635
666.9812250183895 8646672.175578844
662.8975750645623 8699938.296558578
671.6591370059177 8586450.600089414
675.2047700574622 8541361.45914549
666.5590450866148 8652148.73687686
665.529714897275 8665530.435241599
666.5140989935026 8652732.1908253
665.6463999534026 8664011.403657738
666.2527800071985 8656125.98260031
663.7438960606232 8688845.25225563
664.2401580465958 8682353.709176732
668.0530869634822 8632798.968437744
669.5650040637702 8613305.601394197
663.5715899756178 8691101.438221471
667.8501269780099 8635422.480334265
667.614153935574 8638474.73275191
675.6750780623406 8535416.189300232
669.5762589806691 8613160.820217343
667.9361349670216 8634310.524740132
665.5711840139702 8664990.52020099
671.640979941003 8586682.725206237
665.8044280484319 8661955.008176193
672.855093027465 8571188.744445741
669.1301979590207 8618902.59562489
664.9114270694554 8673588.338552607
667.7336030406877 8636929.4187649
667.5560049479827 8639227.206786027
670.6079359864816 8599910.15691806
669.3738999310881 8615764.672918571
668.2800720445812 8629866.789766058
669.836503919214 8609814.434203412
672.0226230099797 8581806.32992523
665.6314040301368 8664206.594042983
667.9046310018748 8634717.79099524
668.6612500343472 8624947.235545289
668.6718340497464 8624810.716299659
667.0035449787974 8646382.83171842
668.8604690134525 8622378.309345124
673.3245039358735 8565213.30545436
670.6969980150461 8598768.172614696
669.7950978996232 8610346.683761904
670.521484920755 8601018.952706024
669.0641830209643 8619753.001812223
668.565014959313 8626188.7340171
670.552994008176 8600614.79336215
669.2319120047614 8617592.640978197
673.4446960035712 8563684.64140286
673.758297925815 8559698.66011951
667.2599939629436 8643059.755085932
661.6720849415287 8716051.547662977
668.9907929394394 8620698.61179999
674.458111054264 8550817.175265608
671.6239370871335 8586900.617349189
671.4013599557802 8589747.27185515
669.2952159792185 8616777.562890977
669.9430969310924 8608444.547631763
672.6110839517787 8574298.190443534
667.6098100142553 8638530.94051577
670.071043074131 8606800.815539747
666.5484709665179 8652285.99450151
668.4828299330547 8627249.260205463
676.200354937464 8528785.821967449
664.4838820211589 8679169.135687716
662.9365329863504 8699427.038694734
669.2919520428404 8616819.58433418
663.9023019233719 8686772.109830176
669.0198330907151 8620324.413040243
678.7744559114799 8496442.300934356
666.447696974501 8653594.312324043
672.7380489464849 8572679.974072296
668.8408059999347 8622631.795585396
667.9223329992965 8634488.94439958
679.6782100573182 8485144.75624229
665.1888429187238 8669971.033631215
672.4910370539874 8575828.795078816
669.789326027967 8610420.882937737
679.4409290887415 8488108.021009067
665.1701530208811 8670214.64178498
666.1272370256484 8657757.376430387
666.6906080208719 8650441.34507959
670.3540220623836 8603167.595320705
681.3015979714692 8464926.571684795
670.359714073129 8603094.545999022
665.578095940873 8664900.535597447
678.8337579928339 8495700.062195318
682.8885299619287 8445255.333724117
672.9438760085031 8570057.92846702
686.4866350078955 8400990.938350417
678.4793749684468 8500137.532210477
682.2418629890308 8453260.218792416
679.0639320388436 8492820.378023123
682.752694003284 8446935.54584826
667.5397369544953 8639437.745401418
665.1012960355729 8671112.256698329
668.3905780082569 8628440.001631435
687.9262430593371 8383410.370205273
666.7295549996197 8649936.029914392
668.4450610773638 8627736.72185533
671.9992780126631 8582104.458587416
665.1204769732431 8670862.196642317
669.6056509390473 8612782.750432571
666.252925992012 8656124.085928809
679.6710499329492 8485234.144618845
682.4712429661304 8450419.060787024
666.6937570553273 8650400.48593315
670.1017209561542 8606406.788167845
665.8002689946443 8662009.11680075
680.6781719205901 8472679.509800432
664.1866629943252 8683053.005009338
679.9368950305507 8481916.545712484
668.3838160242885 8628527.294847645
664.1734909499064 8683225.209352678
671.6458420269191 8586620.565677313
664.2635570606217 8682047.868951028
674.8525019502267 8545819.987825064
665.5011160764843 8665902.822223358
684.3485429417342 8427237.932310496
673.0234610149637 8569044.519343697
667.9376830579713 8634290.51284633
663.7332340469584 8688984.82728677
666.7588989948854 8649555.347058427
668.1825909763575 8631125.799869966
669.3494860082865 8616078.925215762
661.453775013797 8718928.242385048
667.1441709622741 8644560.278000426
665.6862910604104 8663492.214648347
670.487066032365 8601460.478764275
668.5157190077007 8626824.824045114
663.2568230852485 8695226.04105762
668.4174080146477 8628093.659514055
682.2052559582517 8453713.81945631
675.011140992865 8543811.575490663
667.8046330343932 8636010.765296653
662.5707150669768 8704230.158160578
661.9436850305647 8712475.291208053
666.9027450261638 8647689.70140278
668.6833709245548 8624661.91140065
669.8200780665502 8610025.570817543
666.6644300566986 8650781.0226346
669.4289989536628 8615055.530928975
682.9406450269744 8444610.87796614
666.7491520056501 8649681.79209792
670.2549500623718 8604439.25026339
670.4348269850016 8602130.688728403
670.768997981213 8597845.18568571
665.9451249288395 8660124.96242278
667.042942950502 8645872.145038124
669.1385139711201 8618795.480436074
666.9420431135222 8647180.155380238
670.2043870463967 8605088.405070007
673.8214020151645 8558897.035256546
669.7667670669034 8610710.897550272
673.9619789877906 8557111.795329446
680.5711679626256 8474011.641228843
670.7830589730293 8597664.957176393
669.6205330081284 8612591.334516311
669.1175689920783 8619065.269332776
669.4002279546112 8615425.808296923
671.0935330484062 8593687.341618313
667.0160989742726 8646220.097039133
682.410656940192 8451169.308901118
667.0447839424014 8645848.283101168
665.121839963831 8670844.428012792
671.31643590983 8590833.907088542
668.6428859829903 8625184.116812263
666.9359030202031 8647259.764969196
664.9364440236241 8673262.011481961
664.1577800037339 8683430.614887288
667.6230609882623 8638359.483063744
692.5881230272353 8326980.796020974
680.2767760818824 8477678.795999097
676.8812909722328 8520205.9458851
675.2085670595989 8541313.427219812
670.6667760154232 8599155.655605897
670.3123749466613 8603702.11792511
670.2064470155165 8605061.956180317
683.9169580489397 8432555.92967372
665.9485190175474 8660080.825028516
669.457387062721 8614690.212477524
679.1411570739001 8491854.660742423
666.2375990999863 8656323.22131145
678.4701630240306 8500252.94302549
679.6637539518997 8485325.230993776
676.1068979976699 8529964.739421835
671.8687779502943 8583771.398924364
681.8952040048316 8457557.651276773
669.5289390627295 8613769.567710444
665.7337170327082 8662875.039145198
672.0835950691253 8581027.780341571
671.3117540348321 8590893.821443146
665.8646069699898 8661172.165680107
674.7182440012693 8547520.466912335
680.2166650304571 8478427.972272294
673.5113780014217 8562836.78104073
679.704764042981 8484813.267595863
668.4945069719106 8627098.562295785
667.6621870137751 8637853.261983538
672.0817720051855 8581051.056917377
667.9675580235198 8633904.342697034
673.1739629758522 8567128.732230658
670.3726151026785 8602928.98318447
671.8146679922938 8584462.76148611
670.3972799004987 8602612.470110217
672.1220669569448 8580536.607153887
674.5442399987951 8549725.36717577
675.5026680184528 8537594.702501541
670.5471279565245 8600690.032891946
674.9695810722187 8544337.643836632
669.5047139655799 8614081.244985078
663.863452966325 8687280.455386877
669.330881908536 8616318.409745933
674.0203119115904 8556371.222172404
667.2032900387421 8643794.306927236
668.4446320869029 8627742.258913413
674.6266320114955 8548681.190963905
682.068809051998 8455404.973019864
668.216660968028 8630685.72945376
671.640419983305 8586689.884065278
669.4732819451019 8614485.67931486
678.5967530449852 8498667.248438315
681.9527009502053 8456844.575825071
670.2750329859555 8604181.442218274
671.3706169975922 8590140.607867388
676.6563690034673 8523038.079865392
684.77911001537 8421939.156220106
676.4988669892773 8525022.40789623
669.6743259672076 8611899.510512823
670.3417029930279 8603325.698296864
673.0122930603102 8569186.713924095
667.7039200440049 8637313.376293965
672.5299069657922 8575333.141717583
663.1847750395536 8696170.685848502
665.9920470556244 8659514.817777276
664.9609369924292 8672942.54318831
667.832862935029 8635645.713291392
667.1110079623759 8644990.01090574
667.5886419834569 8638804.85273881
671.2569380179048 8591595.368875233
667.5695839803666 8639051.476272194
665.609737043269 8664488.632060226
664.1741360072047 8683216.77605561
670.3090750379488 8603744.473657168
670.147696044296 8605816.350697111
666.0210830159485 8659137.296201628
680.5215199710801 8474629.869522842
672.9993299813941 8569351.77061683
667.2443009447306 8643263.03249716
669.7808681055903 8610529.614427283
670.113853062503 8606250.973089619
670.0966539792717 8606471.866039788
669.1898329881951 8618134.519837715
679.9915280425921 8481235.07744462
664.5195409655571 8678703.40068588
669.6549690095708 8612148.444936836
669.6470889728516 8612249.787938388
675.3518390469253 8539501.436967704
669.5062420330942 8614061.584380157
678.50673396606 8499794.786544422
667.0923329656944 8645232.024120085
669.5574730401859 8613402.481811838
666.0200329497457 8659150.94844476
668.4598510619253 8627545.829174617
670.6785290734842 8599004.962880075
680.8570140274242 8470453.973714523
670.1421169564128 8605887.996105619
668.0754229892045 8632510.344708778
666.5181439602748 8652679.679105224
669.3599859718233 8615943.768474335
663.9528810046613 8686110.362641098
663.5116380639374 8691886.726852352
662.962727015838 8699083.319449155
671.1572840576991 8592871.055697577
666.1931889830157 8656900.273633735
671.6132200090215 8587037.640388515
672.2808500053361 8578510.008063184
680.2050239639357 8478573.072559038
668.5524340718985 8626351.062510347
675.5142189795151 8537448.713829203
669.1539390012622 8618596.803909902
672.9146400466561 8570430.269729512
667.3078639432788 8642439.73676625
671.0644930135459 8594059.229838563
675.4013729514554 8538875.15033896
684.3503130367026 8427216.134977788
677.6649960083887 8510352.510414466
666.4706930750981 8653295.726163542
666.6975750122219 8650350.94794559
677.5757829891518 8511473.026025096
668.3393559651449 8629101.29192028
665.3185089817271 8668281.315105267
666.4651710307226 8653367.423658133
671.2563580367714 8591602.792213812
669.9766990495846 8608012.798327446
670.6625119550154 8599210.328885704
666.4560149656609 8653486.307415431
667.7174549549818 8637138.294353602
664.0248070470989 8685169.49787832
677.2957249777392 8514992.472733459
669.9816780164838 8607948.827905273
683.9823280461133 8431750.008037027
679.968873038888 8481517.652750218
670.8229680079967 8597153.459318124
672.264952911064 8578712.864662686
668.0530200246722 8632799.833442876
684.0494689531624 8430922.413880104
667.3108600080013 8642400.934297472
668.7837619101629 8623367.265269665
669.6631150553003 8612043.683373172
666.98689898476 8646598.619520672
669.5079390192404 8614039.750519317
667.5625200150535 8639142.892369019
672.336895018816 8577794.916101696
687.9193478962407 8383494.398924605
666.1519530462101 8657436.15045731
671.6617159545422 8586417.631089637
673.5775780398399 8561995.214839071
664.8281880188733 8674674.30523009
666.682110982947 8650551.5972177
664.6440700860694 8677077.34043752
671.4460409712046 8589175.671745943
668.0621119448915 8632682.346272219
671.2972610257566 8591079.295017
679.6428739326075 8485585.917541549
664.3992230528966 8680275.051346416
667.1711540548131 8644210.657114508
665.8384640468284 8661512.230681818
666.5894640609622 8651753.906918291
667.2290420392528 8643460.695856102
667.4598529934883 8640471.743933136
667.5920219859108 8638761.114676282
674.9193579889834 8544973.457546223
667.8593959659338 8635302.632313602
671.4282400207594 8589403.388546316
674.642784986645 8548476.509852787
673.7994350260124 8559176.069622789
670.4371439991519 8602100.95997798
667.992185917683 8633586.023281254
668.0235631065443 8633180.502167681
668.8222159864381 8622871.462925421
669.8348530335352 8609835.654089602
665.5414348933846 8665377.837705722
667.664130916819 8637828.11288765
668.9152379985899 8621672.332141068
675.2960099838674 8540207.427166311
669.341899920255 8616176.576854216
666.0522610181943 8658731.960737929
692.4520489992574 8328617.134334142
664.376780972816 8680568.263622042
666.3488750346005 8654877.671550862
663.6726240394637 8689778.350202177
677.1491640247405 8516835.44246285
665.482372045517 8666146.906751638
670.534253004007 8600855.175053282
667.4444540403783 8640671.092685571
